Grid
24 15
Normal
0.0001604862 0.0008499254 0.9999996259
0.0000982576 0.0008051270 0.9999996711
0.0001414393 0.0008415716 0.9999996359
0.0002083803 0.0008570246 0.9999996110
0.0000963460 0.0007802772 0.9999996909
0.0000273841 0.0007863045 0.9999996905
0.0000894123 0.0008412941 0.9999996421
-0.0000002738 0.0007840483 0.9999996926
-0.0000880168 0.0007812489 0.9999996910
-0.0000358865 0.0008458454 0.9999996416
-0.0000773804 0.0008127465 0.9999996667
-0.0002056942 0.0007638884 0.9999996871
-0.0001507293 0.0008437931 0.9999996326
-0.0000962297 0.0008605565 0.9999996251
-0.0001662329 0.0008180001 0.9999996516
0.0001804336 0.0008499254 0.9999996225
0.0000770291 0.0008073710 0.9999996711
0.0001512960 0.0008526583 0.9999996250
0.0002431801 0.0008316307 0.9999996246
0.0000709289 0.0007573910 0.9999997107
0.0000131599 0.0008116142 0.9999996706
0.0001187644 0.0008419592 0.9999996385
-0.0000034718 0.0007793414 0.9999996963
-0.0001154895 0.0007861639 0.9999996843
-0.0000096320 0.0008447724 0.9999996431
-0.0000783628 0.0007887628 0.9999996859
-0.0002418828 0.0007908585 0.9999996580
-0.0001416066 0.0008680610 0.9999996132
-0.0000812692 0.0008485994 0.9999996366
-0.0001889200 0.0008166836 0.9999996487
0.0002409450 0.0012784778 0.9999991537
0.0000406199 0.0011493869 0.9999993386
0.0001426897 0.0012270598 0.9999992370
0.0002921764 0.0012454197 0.9999991818
0.0000631947 0.0011408944 0.9999993472
-0.0000233029 0.0011573939 0.9999993299
0.0001616751 0.0012351810 0.9999992241
-0.0000044023 0.0011436382 0.9999993460
-0.0001600412 0.0011456231 0.9999993310
0.0000101433 0.0012406665 0.9999992303
-0.0000290442 0.0011984794 0.9999992814
-0.0003077167 0.0010932665 0.9999993550
-0.0001467560 0.0012337122 0.9999992282
-0.0000462509 0.0012446976 0.9999992243
-0.0002492969 0.0011699922 0.9999992845
0.0002987420 0.0012784778 0.9999991381
0.0000009020 0.0011551778 0.9999993328
0.0001523772 0.0012399091 0.9999992197
0.0003551148 0.0012192424 0.9999991937
0.0000084494 0.0010849740 0.9999994114
-0.0000389328 0.0012017638 0.9999992771
0.0002087130 0.0012351075 0.9999992155
-0.0000135156 0.0011347601 0.9999993561
-0.0001997931 0.0011542019 0.9999993140
0.0000506717 0.0012390060 0.9999992311
-0.0000310845 0.0011525455 0.9999993353
-0.0003555273 0.0011568981 0.9999992676
-0.0001331246 0.0012588939 0.9999991987
-0.0000173578 0.0012298137 0.9999992436
-0.0003105256 0.0011681751 0.9999992695
0.0002858036 0.0019135583 0.9999981283
0.0000640192 0.0019411594 0.9999981139
0.0001724535 0.0018065099 0.9999983534
0.0003056210 0.0017636802 0.9999983980
0.0000159541 0.0018692661 0.9999982528
0.0000005814 0.0018532563 0.9999982827
0.0001644318 0.0017689597 0.9999984219
-0.0000147635 0.0018634256 0.9999982637
-0.0001542707 0.0018660878 0.9999982470
0.0000288548 0.0017689740 0.9999984349
-0.0000846679 0.0018155164 0.9999983484
-0.0002895801 0.0019298273 0.9999980960
-0.0001373263 0.0017891414 0.9999983901
-0.0000816774 0.0017981051 0.9999983801
-0.0003063680 0.0019353197 0.9999980803
0.0002796461 0.0019135583 0.9999981300
0.0001308594 0.0019266945 0.9999981354
0.0001705247 0.0017841026 0.9999983939
0.0002405463 0.0017882172 0.9999983722
0.0000717320 0.0019270427 0.9999981407
0.0000191231 0.0018080501 0.9999983653
0.0001156201 0.0017684946 0.9999984295
-0.0000076411 0.0018726260 0.9999982466
-0.0001134277 0.0018574315 0.9999982685
-0.0000157112 0.0017703000 0.9999984329
-0.0000862804 0.0018653738 0.9999982565
-0.0002412214 0.0018688138 0.9999982247
-0.0001640917 0.0017656488 0.9999984278
-0.0001396118 0.0018227482 0.9999983290
-0.0002970446 0.0019463409 0.9999980618
0.0003057755 0.0019648640 0.9999980229
0.0001707780 0.0019091214 0.9999981630
0.0001852844 0.0018239620 0.9999983194
0.0002073963 0.0017924747 0.9999983720
0.0000732716 0.0018631945 0.9999982616
0.0000440139 0.0018599101 0.9999982694
0.0000875465 0.0018068098 0.9999983639
-0.0000085734 0.0018666998 0.9999982577
-0.0000852183 0.0018686888 0.9999982504
-0.0000294047 0.0018085091 0.9999983642
-0.0001082263 0.0018377217 0.9999983055
-0.0002072927 0.0018845395 0.9999982028
-0.0001649412 0.0018121586 0.9999983444
-0.0001833971 0.0018139709 0.9999983379
-0.0003263527 0.0019073792 0.9999981277
0.0003364006 0.0019648644 0.9999980131
0.0002135603 0.0018995311 0.9999981731
0.0001814355 0.0018082626 0.9999983486
0.0001752319 0.0018164735 0.9999983349
0.0000976177 0.0018850907 0.9999982185
0.0000566412 0.0018331525 0.9999983182
0.0000569944 0.0018062144 0.9999983672
-0.0000048680 0.0018713922 0.9999982489
-0.0000602392 0.0018634872 0.9999982619
-0.0000532236 0.0018101985 0.9999983602
-0.0001061710 0.0018610121 0.9999982627
-0.0001774556 0.0018566273 0.9999982607
-0.0001835450 0.0017929749 0.9999983758
-0.0002224981 0.0018326629 0.9999982959
-0.0003515833 0.0019160780 0.9999981025
0.0003607997 0.0013215217 0.9999990617
0.0002322456 0.0012694713 0.9999991673
0.0001882538 0.0012296097 0.9999992263
0.0001625580 0.0012150646 0.9999992486
0.0000979596 0.0012421027 0.9999992238
0.0000609373 0.0012413736 0.9999992276
0.0000485510 0.0012322087 0.9999992397
-0.0000035926 0.0012502213 0.9999992185
-0.0000511549 0.0012475005 0.9999992206
-0.0000592910 0.0012281206 0.9999992441
-0.0001100821 0.0012410643 0.9999992238
-0.0001655170 0.0012494079 0.9999992058
-0.0001847178 0.0012239386 0.9999992339
-0.0002421887 0.0012264402 0.9999992186
-0.0003792264 0.0012684463 0.9999991236
0.0003877497 0.0013215216 0.9999990516
0.0002512738 0.0012640285 0.9999991695
0.0001876564 0.0012234352 0.9999992340
0.0001518747 0.0012247096 0.9999992385
0.0001033528 0.0012475005 0.9999992165
0.0000624291 0.0012359949 0.9999992342
0.0000395957 0.0012328125 0.9999992393
-0.0000010863 0.0012519171 0.9999992164
-0.0000426748 0.0012465702 0.9999992221
-0.0000680078 0.0012284795 0.9999992431
-0.0001066684 0.0012470753 0.9999992167
-0.0001549105 0.0012397927 0.9999992195
-0.0001930229 0.0012171657 0.9999992406
-0.0002608834 0.0012348830 0.9999992035
-0.0004039072 0.0012747649 0.9999991059
0.0003923543 0.0003003085 0.9999998779
0.0002544822 0.0002904859 0.9999999254
0.0001880964 0.0002836418 0.9999999421
0.0001505189 0.0002827034 0.9999999487
0.0001002750 0.0002855961 0.9999999542
0.0000630772 0.0002921622 0.9999999553
0.0000375937 0.0002907797 0.9999999570
-0.0000016384 0.0002950507 0.9999999565
-0.0000406381 0.0002962286 0.9999999553
-0.0000672668 0.0002918834 0.9999999551
-0.0001043113 0.0002903024 0.9999999524
-0.0001530613 0.0002852738 0.9999999476
-0.0001928267 0.0002813284 0.9999999418
-0.0002629029 0.0002809096 0.9999999260
-0.0004107950 0.0002852174 0.9999998749
0.0003976255 0.0003003085 0.9999998759
0.0002584541 0.0002890635 0.9999999248
0.0001871325 0.0002805899 0.9999999431
0.0001457491 0.0002826462 0.9999999494
0.0001007723 0.0002928218 0.9999999521
0.0000634357 0.0002917610 0.9999999554
0.0000357147 0.0002909960 0.9999999570
-0.0000019125 0.0002950046 0.9999999565
-0.0000386236 0.0002955892 0.9999999556
-0.0000662325 0.0002912918 0.9999999554
-0.0001033012 0.0002890853 0.9999999529
-0.0001495021 0.0002869302 0.9999999477
-0.0001931709 0.0002793373 0.9999999423
-0.0002657573 0.0002800717 0.9999999255
-0.0004172401 0.0002861611 0.9999998720
0.0003816703 -0.0008038316 0.9999996041
0.0002479066 -0.0007697942 0.9999996730
0.0001809551 -0.0007472930 0.9999997044
0.0001471054 -0.0007341146 0.9999997197
0.0001017141 -0.0007370082 0.9999997232
0.0000605504 -0.0007390174 0.9999997251
0.0000377942 -0.0007328621 0.9999997307
-0.0000012963 -0.0007372983 0.9999997282
-0.0000419370 -0.0007386128 0.9999997263
-0.0000632538 -0.0007315442 0.9999997304
-0.0001009057 -0.0007378988 0.9999997227
-0.0001514433 -0.0007430090 0.9999997125
-0.0001896419 -0.0007388678 0.9999997091
-0.0002537844 -0.0007463962 0.9999996892
-0.0003965190 -0.0007719382 0.9999996234
0.0003644773 -0.0008038316 0.9999996105
0.0002356137 -0.0007671532 0.9999996780
0.0001777344 -0.0007409282 0.9999997097
0.0001518800 -0.0007340575 0.9999997190
0.0000973966 -0.0007442432 0.9999997183
0.0000591639 -0.0007350326 0.9999997281
0.0000402326 -0.0007320746 0.9999997312
-0.0000009556 -0.0007372766 0.9999997282
-0.0000449438 -0.0007380035 0.9999997267
-0.0000596745 -0.0007315891 0.9999997306
-0.0000985964 -0.0007392248 0.9999997219
-0.0001544746 -0.0007441514 0.9999997112
-0.0001838805 -0.0007376846 0.9999997110
-0.0002420130 -0.0007499756 0.9999996895
-0.0003772745 -0.0007750880 0.9999996285
0.0003383188 -0.0016948508 0.9999985065
0.0002051138 -0.0016390469 0.9999986357
0.0001662258 -0.0015739813 0.9999987475
0.0001695870 -0.0015494300 0.9999987853
0.0000967903 -0.0015872052 0.9999987357
0.0000464482 -0.0015859120 0.9999987414
0.0000546475 -0.0015587854 0.9999987836
-0.0000012763 -0.0015895371 0.9999987367
-0.0000587520 -0.0015888529 0.9999987360
-0.0000536118 -0.0015593954 0.9999987827
-0.0000875899 -0.0015723289 0.9999987601
-0.0001699083 -0.0015958093 0.9999987123
-0.0001809590 -0.0015628838 0.9999987623
-0.0002111061 -0.0015691159 0.9999987467
-0.0003439782 -0.0016350499 0.9999986041
0.0003082768 -0.0016948508 0.9999985162
0.0001734541 -0.0016307617 0.9999986553
0.0001663632 -0.0015632210 0.9999987643
0.0001850744 -0.0015635141 0.9999987606
0.0000863768 -0.0015965539 0.9999987218
0.0000393050 -0.0015743383 0.9999987600
0.0000700957 -0.0015590996 0.9999987821
-0.0000038346 -0.0015920557 0.9999987327
-0.0000712546 -0.0015865981 0.9999987388
-0.0000408172 -0.0015599258 0.9999987825
-0.0000885129 -0.0015872209 0.9999987364
-0.0001846773 -0.0015852517 0.9999987264
-0.0001666774 -0.0015537446 0.9999987790
-0.0001833271 -0.0015842119 0.9999987283
-0.0003146309 -0.0016434736 0.9999986000
0.0003015351 -0.0020603151 0.9999978321
0.0001222468 -0.0020459333 0.9999978996
0.0001462675 -0.0019366918 0.9999981139
0.0002306756 -0.0018938214 0.9999981801
0.0000856043 -0.0019911039 0.9999980141
0.0000042470 -0.0019894562 0.9999980210
0.0001080472 -0.0019146661 0.9999981612
-0.0000011054 -0.0019956292 0.9999980087
-0.0001157010 -0.0020014513 0.9999979904
-0.0000194594 -0.0019066326 0.9999981822
-0.0000519650 -0.0019521958 0.9999980931
-0.0002367783 -0.0020301641 0.9999979112
-0.0001675185 -0.0019190153 0.9999981447
-0.0001254381 -0.0019172208 0.9999981543
-0.0003039232 -0.0020407163 0.9999978716
0.0002891581 -0.0020603151 0.9999978357
0.0000657612 -0.0020339110 0.9999979294
0.0001498576 -0.0019134088 0.9999981582
0.0002818817 -0.0019210675 0.9999981150
0.0000483059 -0.0020303070 0.9999979378
-0.0000130802 -0.0019507372 0.9999980972
0.0001498162 -0.0019137726 0.9999981575
-0.0000053748 -0.0020028793 0.9999979942
-0.0001559010 -0.0019937714 0.9999980003
0.0000186844 -0.0019080117 0.9999981796
-0.0000505925 -0.0019893848 0.9999980199
-0.0002844094 -0.0019923127 0.9999979749
-0.0001445351 -0.0018907003 0.9999982022
-0.0000730739 -0.0019397314 0.9999981160
-0.0002982431 -0.0020514412 0.9999978513
0.0002708079 -0.0016869459 0.9999985404
0.0000508438 -0.0016477985 0.9999986411
0.0001479452 -0.0016159746 0.9999986834
0.0003004698 -0.0016118945 0.9999986558
0.0000465719 -0.0016515486 0.9999986351
-0.0000193829 -0.0016478494 0.9999986421
0.0001643557 -0.0016344039 0.9999986509
-0.0000089164 -0.0016654212 0.9999986131
-0.0001671562 -0.0016578658 0.9999986118
0.0000228059 -0.0016338551 0.9999986650
-0.0000413504 -0.0016426476 0.9999986500
-0.0003041016 -0.0016623640 0.9999985720
-0.0001451061 -0.0016203545 0.9999986767
-0.0000595148 -0.0016191366 0.9999986874
-0.0002769616 -0.0016480628 0.9999986036
0.0002504187 -0.0016869459 0.9999985458
0.0000365294 -0.0016434492 0.9999986489
0.0001531025 -0.0016129119 0.9999986875
0.0003194255 -0.0016239142 0.9999986304
0.0000353838 -0.0016643530 0.9999986143
-0.0000216348 -0.0016404851 0.9999986542
0.0001795505 -0.0016356809 0.9999986462
-0.0000148435 -0.0016680964 0.9999986086
-0.0001773065 -0.0016554519 0.9999986140
0.0000311807 -0.0016337980 0.9999986649
-0.0000464693 -0.0016516643 0.9999986349
-0.0003169220 -0.0016407441 0.9999986038
-0.0001400810 -0.0016133940 0.9999986887
-0.0000468683 -0.0016241142 0.9999986800
-0.0002571004 -0.0016510931 0.9999986039
0.0002078419 -0.0010851986 0.9999993896
0.0000726517 -0.0009943677 0.9999995030
0.0001725767 -0.0010714286 0.9999994111
0.0002707296 -0.0011129731 0.9999993440
0.0000468818 -0.0010090883 0.9999994898
0.0000222532 -0.0010336172 0.9999994656
0.0001361155 -0.0011272450 0.9999993554
-0.0000157651 -0.0010345835 0.9999994647
-0.0001321812 -0.0010326176 0.9999994581
0.0000054050 -0.0011288851 0.9999993628
-0.0000959074 -0.0010738970 0.9999994188
-0.0002614321 -0.0009684291 0.9999994969
-0.0001393132 -0.0010868081 0.9999993997
-0.0000876499 -0.0010884463 0.9999994038
-0.0002147766 -0.0010014458 0.9999994755
0.0001677957 -0.0010851984 0.9999993971
0.0001159460 -0.0009997666 0.9999994935
0.0001688151 -0.0010921276 0.9999993894
0.0002169043 -0.0010841029 0.9999993888
0.0000989687 -0.0009692755 0.9999995254
0.0000447251 -0.0010803942 0.9999994154
0.0000880305 -0.0011283341 0.9999993596
-0.0000087701 -0.0010257528 0.9999994739
-0.0000923668 -0.0010406755 0.9999994542
-0.0000416594 -0.0011256128 0.9999993656
-0.0001013753 -0.0010252088 0.9999994693
-0.0002144518 -0.0010135441 0.9999994634
-0.0001616560 -0.0011137685 0.9999993667
-0.0001193113 -0.0010661040 0.9999994246
-0.0001710999 -0.0009985597 0.9999994868
0.0001609968 -0.0008573306 0.9999996195
0.0001309352 -0.0008428262 0.9999996362
0.0001742084 -0.0008748031 0.9999996022
0.0001982957 -0.0008863087 0.9999995876
0.0001038010 -0.0008466104 0.9999996362
0.0000619679 -0.0008569191 0.9999996309
0.0000723298 -0.0008937037 0.9999995980
-0.0000078435 -0.0008602090 0.9999996300
-0.0000761010 -0.0008621858 0.9999996254
-0.0000533351 -0.0008968861 0.9999995964
-0.0001171487 -0.0008719778 0.9999996130
-0.0001976744 -0.0008383279 0.9999996291
-0.0001600648 -0.0008741198 0.9999996051
-0.0001343487 -0.0008775143 0.9999996060
-0.0001626072 -0.0008454347 0.9999996294
0.0001552575 -0.0008573306 0.9999996204
0.0001473511 -0.0008450866 0.9999996321
0.0001699397 -0.0008801071 0.9999995983
0.0001818424 -0.0008710006 0.9999996041
0.0001208892 -0.0008359004 0.9999996433
0.0000719368 -0.0008723552 0.9999996169
0.0000554759 -0.0008936221 0.9999995992
-0.0000042795 -0.0008576672 0.9999996322
-0.0000620613 -0.0008652702 0.9999996237
-0.0000724895 -0.0008952215 0.9999995967
-0.0001207183 -0.0008543589 0.9999996277
-0.0001807492 -0.0008467438 0.9999996252
-0.0001664143 -0.0008828509 0.9999995964
-0.0001462444 -0.0008693054 0.9999996115
-0.0001534081 -0.0008439278 0.9999996321
