Grid
12 16
Normal
0.0000000000 0.0027499896 0.9999962188
0.0000000000 0.0027499896 0.9999962188
0.0000000000 0.0027499896 0.9999962188
0.0000000000 0.0027499896 0.9999962188
0.0000000000 0.0027499896 0.9999962188
0.0000000000 0.0027499896 0.9999962188
0.0000000000 0.0027499896 0.9999962188
0.0000000000 0.0027499896 0.9999962188
0.0000000000 0.0027499896 0.9999962188
0.0000000000 0.0027499896 0.9999962188
0.0000000000 0.0027499896 0.9999962188
0.0000000000 0.0027499896 0.9999962188
0.0000000000 0.0027499896 0.9999962188
0.0000000000 0.0027499896 0.9999962188
0.0000000000 0.0027499896 0.9999962188
0.0000000000 0.0027499896 0.9999962188
0.0000000000 0.0022916606 0.9999973741
0.0000000000 0.0022916606 0.9999973741
0.0000000000 0.0022916606 0.9999973741
0.0000000000 0.0022916606 0.9999973741
0.0000000000 0.0022916606 0.9999973741
0.0000000000 0.0022916606 0.9999973741
0.0000000000 0.0022916606 0.9999973741
0.0000000000 0.0022916606 0.9999973741
0.0000000000 0.0022916606 0.9999973741
0.0000000000 0.0022916606 0.9999973741
0.0000000000 0.0022916606 0.9999973741
0.0000000000 0.0022916606 0.9999973741
0.0000000000 0.0022916606 0.9999973741
0.0000000000 0.0022916606 0.9999973741
0.0000000000 0.0022916606 0.9999973741
0.0000000000 0.0022916606 0.9999973741
0.0000000000 0.0018333303 0.9999983194
0.0000000000 0.0018333303 0.9999983194
0.0000000000 0.0018333303 0.9999983194
0.0000000000 0.0018333303 0.9999983194
0.0000000000 0.0018333303 0.9999983194
0.0000000000 0.0018333303 0.9999983194
0.0000000000 0.0018333303 0.9999983194
0.0000000000 0.0018333303 0.9999983194
0.0000000000 0.0018333303 0.9999983194
0.0000000000 0.0018333303 0.9999983194
0.0000000000 0.0018333303 0.9999983194
0.0000000000 0.0018333303 0.9999983194
0.0000000000 0.0018333303 0.9999983194
0.0000000000 0.0018333303 0.9999983194
0.0000000000 0.0018333303 0.9999983194
0.0000000000 0.0018333303 0.9999983194
0.0000000000 0.0013749987 0.9999990547
0.0000000000 0.0013749987 0.9999990547
0.0000000000 0.0013749987 0.9999990547
0.0000000000 0.0013749987 0.9999990547
0.0000000000 0.0013749987 0.9999990547
0.0000000000 0.0013749987 0.9999990547
0.0000000000 0.0013749987 0.9999990547
0.0000000000 0.0013749987 0.9999990547
0.0000000000 0.0013749987 0.9999990547
0.0000000000 0.0013749987 0.9999990547
0.0000000000 0.0013749987 0.9999990547
0.0000000000 0.0013749987 0.9999990547
0.0000000000 0.0013749987 0.9999990547
0.0000000000 0.0013749987 0.9999990547
0.0000000000 0.0013749987 0.9999990547
0.0000000000 0.0013749987 0.9999990547
0.0000000000 0.0009166663 0.9999995799
0.0000000000 0.0009166663 0.9999995799
0.0000000000 0.0009166663 0.9999995799
0.0000000000 0.0009166663 0.9999995799
0.0000000000 0.0009166663 0.9999995799
0.0000000000 0.0009166663 0.9999995799
0.0000000000 0.0009166663 0.9999995799
0.0000000000 0.0009166663 0.9999995799
0.0000000000 0.0009166663 0.9999995799
0.0000000000 0.0009166663 0.9999995799
0.0000000000 0.0009166663 0.9999995799
0.0000000000 0.0009166663 0.9999995799
0.0000000000 0.0009166663 0.9999995799
0.0000000000 0.0009166663 0.9999995799
0.0000000000 0.0009166663 0.9999995799
0.0000000000 0.0009166663 0.9999995799
0.0000000000 0.0004583333 0.9999998950
0.0000000000 0.0004583333 0.9999998950
0.0000000000 0.0004583333 0.9999998950
0.0000000000 0.0004583333 0.9999998950
0.0000000000 0.0004583333 0.9999998950
0.0000000000 0.0004583333 0.9999998950
0.0000000000 0.0004583333 0.9999998950
0.0000000000 0.0004583333 0.9999998950
0.0000000000 0.0004583333 0.9999998950
0.0000000000 0.0004583333 0.9999998950
0.0000000000 0.0004583333 0.9999998950
0.0000000000 0.0004583333 0.9999998950
0.0000000000 0.0004583333 0.9999998950
0.0000000000 0.0004583333 0.9999998950
0.0000000000 0.0004583333 0.9999998950
0.0000000000 0.0004583333 0.9999998950
0.0000000000 -0.0000000000 1.0000000000
0.0000000000 -0.0000000000 1.0000000000
0.0000000000 -0.0000000000 1.0000000000
0.0000000000 -0.0000000000 1.0000000000
0.0000000000 -0.0000000000 1.0000000000
0.0000000000 -0.0000000000 1.0000000000
0.0000000000 -0.0000000000 1.0000000000
0.0000000000 -0.0000000000 1.0000000000
0.0000000000 -0.0000000000 1.0000000000
0.0000000000 -0.0000000000 1.0000000000
0.0000000000 -0.0000000000 1.0000000000
0.0000000000 -0.0000000000 1.0000000000
0.0000000000 -0.0000000000 1.0000000000
0.0000000000 -0.0000000000 1.0000000000
0.0000000000 -0.0000000000 1.0000000000
0.0000000000 -0.0000000000 1.0000000000
0.0000000000 -0.0004583333 0.9999998950
0.0000000000 -0.0004583333 0.9999998950
0.0000000000 -0.0004583333 0.9999998950
0.0000000000 -0.0004583333 0.9999998950
0.0000000000 -0.0004583333 0.9999998950
0.0000000000 -0.0004583333 0.9999998950
0.0000000000 -0.0004583333 0.9999998950
0.0000000000 -0.0004583333 0.9999998950
0.0000000000 -0.0004583333 0.9999998950
0.0000000000 -0.0004583333 0.9999998950
0.0000000000 -0.0004583333 0.9999998950
0.0000000000 -0.0004583333 0.9999998950
0.0000000000 -0.0004583333 0.9999998950
0.0000000000 -0.0004583333 0.9999998950
0.0000000000 -0.0004583333 0.9999998950
0.0000000000 -0.0004583333 0.9999998950
0.0000000000 -0.0009166663 0.9999995799
0.0000000000 -0.0009166663 0.9999995799
0.0000000000 -0.0009166663 0.9999995799
0.0000000000 -0.0009166663 0.9999995799
0.0000000000 -0.0009166663 0.9999995799
0.0000000000 -0.0009166663 0.9999995799
0.0000000000 -0.0009166663 0.9999995799
0.0000000000 -0.0009166663 0.9999995799
0.0000000000 -0.0009166663 0.9999995799
0.0000000000 -0.0009166663 0.9999995799
0.0000000000 -0.0009166663 0.9999995799
0.0000000000 -0.0009166663 0.9999995799
0.0000000000 -0.0009166663 0.9999995799
0.0000000000 -0.0009166663 0.9999995799
0.0000000000 -0.0009166663 0.9999995799
0.0000000000 -0.0009166663 0.9999995799
0.0000000000 -0.0013749987 0.9999990547
0.0000000000 -0.0013749987 0.9999990547
0.0000000000 -0.0013749987 0.9999990547
0.0000000000 -0.0013749987 0.9999990547
0.0000000000 -0.0013749987 0.9999990547
0.0000000000 -0.0013749987 0.9999990547
0.0000000000 -0.0013749987 0.9999990547
0.0000000000 -0.0013749987 0.9999990547
0.0000000000 -0.0013749987 0.9999990547
0.0000000000 -0.0013749987 0.9999990547
0.0000000000 -0.0013749987 0.9999990547
0.0000000000 -0.0013749987 0.9999990547
0.0000000000 -0.0013749987 0.9999990547
0.0000000000 -0.0013749987 0.9999990547
0.0000000000 -0.0013749987 0.9999990547
0.0000000000 -0.0013749987 0.9999990547
0.0000000000 -0.0018333303 0.9999983194
0.0000000000 -0.0018333303 0.9999983194
0.0000000000 -0.0018333303 0.9999983194
0.0000000000 -0.0018333303 0.9999983194
0.0000000000 -0.0018333303 0.9999983194
0.0000000000 -0.0018333303 0.9999983194
0.0000000000 -0.0018333303 0.9999983194
0.0000000000 -0.0018333303 0.9999983194
0.0000000000 -0.0018333303 0.9999983194
0.0000000000 -0.0018333303 0.9999983194
0.0000000000 -0.0018333303 0.9999983194
0.0000000000 -0.0018333303 0.9999983194
0.0000000000 -0.0018333303 0.9999983194
0.0000000000 -0.0018333303 0.9999983194
0.0000000000 -0.0018333303 0.9999983194
0.0000000000 -0.0018333303 0.9999983194
0.0000000000 -0.0022916606 0.9999973741
0.0000000000 -0.0022916606 0.9999973741
0.0000000000 -0.0022916606 0.9999973741
0.0000000000 -0.0022916606 0.9999973741
0.0000000000 -0.0022916606 0.9999973741
0.0000000000 -0.0022916606 0.9999973741
0.0000000000 -0.0022916606 0.9999973741
0.0000000000 -0.0022916606 0.9999973741
0.0000000000 -0.0022916606 0.9999973741
0.0000000000 -0.0022916606 0.9999973741
0.0000000000 -0.0022916606 0.9999973741
0.0000000000 -0.0022916606 0.9999973741
0.0000000000 -0.0022916606 0.9999973741
0.0000000000 -0.0022916606 0.9999973741
0.0000000000 -0.0022916606 0.9999973741
0.0000000000 -0.0022916606 0.9999973741
