Grid
25 32
Normal
0.0000000000 0.0027499896 0.9999962188
0.0000000000 0.0027499896 0.9999962188
0.0000000000 0.0027499896 0.9999962188
0.0000000000 0.0027499896 0.9999962188
0.0000000000 0.0027499896 0.9999962188
0.0000000000 0.0027499896 0.9999962188
0.0000000000 0.0027499896 0.9999962188
0.0000000000 0.0027499896 0.9999962188
0.0000000000 0.0027499896 0.9999962188
0.0000000000 0.0027499896 0.9999962188
0.0000000000 0.0027499896 0.9999962188
0.0000000000 0.0027499896 0.9999962188
0.0000000000 0.0027499896 0.9999962188
0.0000000000 0.0027499896 0.9999962188
0.0000000000 0.0027499896 0.9999962188
0.0000000000 0.0027499896 0.9999962188
0.0000000000 0.0027499896 0.9999962188
0.0000000000 0.0027499896 0.9999962188
0.0000000000 0.0027499896 0.9999962188
0.0000000000 0.0027499896 0.9999962188
0.0000000000 0.0027499896 0.9999962188
0.0000000000 0.0027499896 0.9999962188
0.0000000000 0.0027499896 0.9999962188
0.0000000000 0.0027499896 0.9999962188
0.0000000000 0.0027499896 0.9999962188
0.0000000000 0.0027499896 0.9999962188
0.0000000000 0.0027499896 0.9999962188
0.0000000000 0.0027499896 0.9999962188
0.0000000000 0.0027499896 0.9999962188
0.0000000000 0.0027499896 0.9999962188
0.0000000000 0.0027499896 0.9999962188
0.0000000000 0.0027499896 0.9999962188
0.0000000000 0.0025299919 0.9999967996
0.0000000000 0.0025299919 0.9999967996
0.0000000000 0.0025299919 0.9999967996
0.0000000000 0.0025299919 0.9999967996
0.0000000000 0.0025299919 0.9999967996
0.0000000000 0.0025299919 0.9999967996
0.0000000000 0.0025299919 0.9999967996
0.0000000000 0.0025299919 0.9999967996
0.0000000000 0.0025299919 0.9999967996
0.0000000000 0.0025299919 0.9999967996
0.0000000000 0.0025299919 0.9999967996
0.0000000000 0.0025299919 0.9999967996
0.0000000000 0.0025299919 0.9999967996
0.0000000000 0.0025299919 0.9999967996
0.0000000000 0.0025299919 0.9999967996
0.0000000000 0.0025299919 0.9999967996
0.0000000000 0.0025299919 0.9999967996
0.0000000000 0.0025299919 0.9999967996
0.0000000000 0.0025299919 0.9999967996
0.0000000000 0.0025299919 0.9999967996
0.0000000000 0.0025299919 0.9999967996
0.0000000000 0.0025299919 0.9999967996
0.0000000000 0.0025299919 0.9999967996
0.0000000000 0.0025299919 0.9999967996
0.0000000000 0.0025299919 0.9999967996
0.0000000000 0.0025299919 0.9999967996
0.0000000000 0.0025299919 0.9999967996
0.0000000000 0.0025299919 0.9999967996
0.0000000000 0.0025299919 0.9999967996
0.0000000000 0.0025299919 0.9999967996
0.0000000000 0.0025299919 0.9999967996
0.0000000000 0.0025299919 0.9999967996
0.0000000000 0.0023099938 0.9999973320
0.0000000000 0.0023099938 0.9999973320
0.0000000000 0.0023099938 0.9999973320
0.0000000000 0.0023099938 0.9999973320
0.0000000000 0.0023099938 0.9999973320
0.0000000000 0.0023099938 0.9999973320
0.0000000000 0.0023099938 0.9999973320
0.0000000000 0.0023099938 0.9999973320
0.0000000000 0.0023099938 0.9999973320
0.0000000000 0.0023099938 0.9999973320
0.0000000000 0.0023099938 0.9999973320
0.0000000000 0.0023099938 0.9999973320
0.0000000000 0.0023099938 0.9999973320
0.0000000000 0.0023099938 0.9999973320
0.0000000000 0.0023099938 0.9999973320
0.0000000000 0.0023099938 0.9999973320
0.0000000000 0.0023099938 0.9999973320
0.0000000000 0.0023099938 0.9999973320
0.0000000000 0.0023099938 0.9999973320
0.0000000000 0.0023099938 0.9999973320
0.0000000000 0.0023099938 0.9999973320
0.0000000000 0.0023099938 0.9999973320
0.0000000000 0.0023099938 0.9999973320
0.0000000000 0.0023099938 0.9999973320
0.0000000000 0.0023099938 0.9999973320
0.0000000000 0.0023099938 0.9999973320
0.0000000000 0.0023099938 0.9999973320
0.0000000000 0.0023099938 0.9999973320
0.0000000000 0.0023099938 0.9999973320
0.0000000000 0.0023099938 0.9999973320
0.0000000000 0.0023099938 0.9999973320
0.0000000000 0.0023099938 0.9999973320
0.0000000000 0.0020899954 0.9999978160
0.0000000000 0.0020899954 0.9999978160
0.0000000000 0.0020899954 0.9999978160
0.0000000000 0.0020899954 0.9999978160
0.0000000000 0.0020899954 0.9999978160
0.0000000000 0.0020899954 0.9999978160
0.0000000000 0.0020899954 0.9999978160
0.0000000000 0.0020899954 0.9999978160
0.0000000000 0.0020899954 0.9999978160
0.0000000000 0.0020899954 0.9999978160
0.0000000000 0.0020899954 0.9999978160
0.0000000000 0.0020899954 0.9999978160
0.0000000000 0.0020899954 0.9999978160
0.0000000000 0.0020899954 0.9999978160
0.0000000000 0.0020899954 0.9999978160
0.0000000000 0.0020899954 0.9999978160
0.0000000000 0.0020899954 0.9999978160
0.0000000000 0.0020899954 0.9999978160
0.0000000000 0.0020899954 0.9999978160
0.0000000000 0.0020899954 0.9999978160
0.0000000000 0.0020899954 0.9999978160
0.0000000000 0.0020899954 0.9999978160
0.0000000000 0.0020899954 0.9999978160
0.0000000000 0.0020899954 0.9999978160
0.0000000000 0.0020899954 0.9999978160
0.0000000000 0.0020899954 0.9999978160
0.0000000000 0.0020899954 0.9999978160
0.0000000000 0.0020899954 0.9999978160
0.0000000000 0.0020899954 0.9999978160
0.0000000000 0.0020899954 0.9999978160
0.0000000000 0.0020899954 0.9999978160
0.0000000000 0.0020899954 0.9999978160
0.0000000000 0.0018699967 0.9999982516
0.0000000000 0.0018699967 0.9999982516
0.0000000000 0.0018699967 0.9999982516
0.0000000000 0.0018699967 0.9999982516
0.0000000000 0.0018699967 0.9999982516
0.0000000000 0.0018699967 0.9999982516
0.0000000000 0.0018699967 0.9999982516
0.0000000000 0.0018699967 0.9999982516
0.0000000000 0.0018699967 0.9999982516
0.0000000000 0.0018699967 0.9999982516
0.0000000000 0.0018699967 0.9999982516
0.0000000000 0.0018699967 0.9999982516
0.0000000000 0.0018699967 0.9999982516
0.0000000000 0.0018699967 0.9999982516
0.0000000000 0.0018699967 0.9999982516
0.0000000000 0.0018699967 0.9999982516
0.0000000000 0.0018699967 0.9999982516
0.0000000000 0.0018699967 0.9999982516
0.0000000000 0.0018699967 0.9999982516
0.0000000000 0.0018699967 0.9999982516
0.0000000000 0.0018699967 0.9999982516
0.0000000000 0.0018699967 0.9999982516
0.0000000000 0.0018699967 0.9999982516
0.0000000000 0.0018699967 0.9999982516
0.0000000000 0.0018699967 0.9999982516
0.0000000000 0.0018699967 0.9999982516
0.0000000000 0.0018699967 0.9999982516
0.0000000000 0.0018699967 0.9999982516
0.0000000000 0.0018699967 0.9999982516
0.0000000000 0.0018699967 0.9999982516
0.0000000000 0.0018699967 0.9999982516
0.0000000000 0.0018699967 0.9999982516
0.0000000000 0.0016499978 0.9999986388
0.0000000000 0.0016499978 0.9999986388
0.0000000000 0.0016499978 0.9999986388
0.0000000000 0.0016499978 0.9999986388
0.0000000000 0.0016499978 0.9999986388
0.0000000000 0.0016499978 0.9999986388
0.0000000000 0.0016499978 0.9999986388
0.0000000000 0.0016499978 0.9999986388
0.0000000000 0.0016499978 0.9999986388
0.0000000000 0.0016499978 0.9999986388
0.0000000000 0.0016499978 0.9999986388
0.0000000000 0.0016499978 0.9999986388
0.0000000000 0.0016499978 0.9999986388
0.0000000000 0.0016499978 0.9999986388
0.0000000000 0.0016499978 0.9999986388
0.0000000000 0.0016499978 0.9999986388
0.0000000000 0.0016499978 0.9999986388
0.0000000000 0.0016499978 0.9999986388
0.0000000000 0.0016499978 0.9999986388
0.0000000000 0.0016499978 0.9999986388
0.0000000000 0.0016499978 0.9999986388
0.0000000000 0.0016499978 0.9999986388
0.0000000000 0.0016499978 0.9999986388
0.0000000000 0.0016499978 0.9999986388
0.0000000000 0.0016499978 0.9999986388
0.0000000000 0.0016499978 0.9999986388
0.0000000000 0.0016499978 0.9999986388
0.0000000000 0.0016499978 0.9999986388
0.0000000000 0.0016499978 0.9999986388
0.0000000000 0.0016499978 0.9999986388
0.0000000000 0.0016499978 0.9999986388
0.0000000000 0.0016499978 0.9999986388
0.0000000000 0.0014299985 0.9999989776
0.0000000000 0.0014299985 0.9999989776
0.0000000000 0.0014299985 0.9999989776
0.0000000000 0.0014299985 0.9999989776
0.0000000000 0.0014299985 0.9999989776
0.0000000000 0.0014299985 0.9999989776
0.0000000000 0.0014299985 0.9999989776
0.0000000000 0.0014299985 0.9999989776
0.0000000000 0.0014299985 0.9999989776
0.0000000000 0.0014299985 0.9999989776
0.0000000000 0.0014299985 0.9999989776
0.0000000000 0.0014299985 0.9999989776
0.0000000000 0.0014299985 0.9999989776
0.0000000000 0.0014299985 0.9999989776
0.0000000000 0.0014299985 0.9999989776
0.0000000000 0.0014299985 0.9999989776
0.0000000000 0.0014299985 0.9999989776
0.0000000000 0.0014299985 0.9999989776
0.0000000000 0.0014299985 0.9999989776
0.0000000000 0.0014299985 0.9999989776
0.0000000000 0.0014299985 0.9999989776
0.0000000000 0.0014299985 0.9999989776
0.0000000000 0.0014299985 0.9999989776
0.0000000000 0.0014299985 0.9999989776
0.0000000000 0.0014299985 0.9999989776
0.0000000000 0.0014299985 0.9999989776
0.0000000000 0.0014299985 0.9999989776
0.0000000000 0.0014299985 0.9999989776
0.0000000000 0.0014299985 0.9999989776
0.0000000000 0.0014299985 0.9999989776
0.0000000000 0.0014299985 0.9999989776
0.0000000000 0.0014299985 0.9999989776
0.0000000000 0.0012099991 0.9999992680
0.0000000000 0.0012099991 0.9999992680
0.0000000000 0.0012099991 0.9999992680
0.0000000000 0.0012099991 0.9999992680
0.0000000000 0.0012099991 0.9999992680
0.0000000000 0.0012099991 0.9999992680
0.0000000000 0.0012099991 0.9999992680
0.0000000000 0.0012099991 0.9999992680
0.0000000000 0.0012099991 0.9999992680
0.0000000000 0.0012099991 0.9999992680
0.0000000000 0.0012099991 0.9999992680
0.0000000000 0.0012099991 0.9999992680
0.0000000000 0.0012099991 0.9999992680
0.0000000000 0.0012099991 0.9999992680
0.0000000000 0.0012099991 0.9999992680
0.0000000000 0.0012099991 0.9999992680
0.0000000000 0.0012099991 0.9999992680
0.0000000000 0.0012099991 0.9999992680
0.0000000000 0.0012099991 0.9999992680
0.0000000000 0.0012099991 0.9999992680
0.0000000000 0.0012099991 0.9999992680
0.0000000000 0.0012099991 0.9999992680
0.0000000000 0.0012099991 0.9999992680
0.0000000000 0.0012099991 0.9999992680
0.0000000000 0.0012099991 0.9999992680
0.0000000000 0.0012099991 0.9999992680
0.0000000000 0.0012099991 0.9999992680
0.0000000000 0.0012099991 0.9999992680
0.0000000000 0.0012099991 0.9999992680
0.0000000000 0.0012099991 0.9999992680
0.0000000000 0.0012099991 0.9999992680
0.0000000000 0.0012099991 0.9999992680
0.0000000000 0.0009899995 0.9999995100
0.0000000000 0.0009899995 0.9999995100
0.0000000000 0.0009899995 0.9999995100
0.0000000000 0.0009899995 0.9999995100
0.0000000000 0.0009899995 0.9999995100
0.0000000000 0.0009899995 0.9999995100
0.0000000000 0.0009899995 0.9999995100
0.0000000000 0.0009899995 0.9999995100
0.0000000000 0.0009899995 0.9999995100
0.0000000000 0.0009899995 0.9999995100
0.0000000000 0.0009899995 0.9999995100
0.0000000000 0.0009899995 0.9999995100
0.0000000000 0.0009899995 0.9999995100
0.0000000000 0.0009899995 0.9999995100
0.0000000000 0.0009899995 0.9999995100
0.0000000000 0.0009899995 0.9999995100
0.0000000000 0.0009899995 0.9999995100
0.0000000000 0.0009899995 0.9999995100
0.0000000000 0.0009899995 0.9999995100
0.0000000000 0.0009899995 0.9999995100
0.0000000000 0.0009899995 0.9999995100
0.0000000000 0.0009899995 0.9999995100
0.0000000000 0.0009899995 0.9999995100
0.0000000000 0.0009899995 0.9999995100
0.0000000000 0.0009899995 0.9999995100
0.0000000000 0.0009899995 0.9999995100
0.0000000000 0.0009899995 0.9999995100
0.0000000000 0.0009899995 0.9999995100
0.0000000000 0.0009899995 0.9999995100
0.0000000000 0.0009899995 0.9999995100
0.0000000000 0.0009899995 0.9999995100
0.0000000000 0.0009899995 0.9999995100
0.0000000000 0.0007699998 0.9999997036
0.0000000000 0.0007699998 0.9999997036
0.0000000000 0.0007699998 0.9999997036
0.0000000000 0.0007699998 0.9999997036
0.0000000000 0.0007699998 0.9999997036
0.0000000000 0.0007699998 0.9999997036
0.0000000000 0.0007699998 0.9999997036
0.0000000000 0.0007699998 0.9999997036
0.0000000000 0.0007699998 0.9999997036
0.0000000000 0.0007699998 0.9999997036
0.0000000000 0.0007699998 0.9999997036
0.0000000000 0.0007699998 0.9999997036
0.0000000000 0.0007699998 0.9999997036
0.0000000000 0.0007699998 0.9999997036
0.0000000000 0.0007699998 0.9999997036
0.0000000000 0.0007699998 0.9999997036
0.0000000000 0.0007699998 0.9999997036
0.0000000000 0.0007699998 0.9999997036
0.0000000000 0.0007699998 0.9999997036
0.0000000000 0.0007699998 0.9999997036
0.0000000000 0.0007699998 0.9999997036
0.0000000000 0.0007699998 0.9999997036
0.0000000000 0.0007699998 0.9999997036
0.0000000000 0.0007699998 0.9999997036
0.0000000000 0.0007699998 0.9999997036
0.0000000000 0.0007699998 0.9999997036
0.0000000000 0.0007699998 0.9999997036
0.0000000000 0.0007699998 0.9999997036
0.0000000000 0.0007699998 0.9999997036
0.0000000000 0.0007699998 0.9999997036
0.0000000000 0.0007699998 0.9999997036
0.0000000000 0.0007699998 0.9999997036
0.0000000000 0.0005499999 0.9999998488
0.0000000000 0.0005499999 0.9999998488
0.0000000000 0.0005499999 0.9999998488
0.0000000000 0.0005499999 0.9999998488
0.0000000000 0.0005499999 0.9999998488
0.0000000000 0.0005499999 0.9999998488
0.0000000000 0.0005499999 0.9999998488
0.0000000000 0.0005499999 0.9999998488
0.0000000000 0.0005499999 0.9999998488
0.0000000000 0.0005499999 0.9999998488
0.0000000000 0.0005499999 0.9999998488
0.0000000000 0.0005499999 0.9999998488
0.0000000000 0.0005499999 0.9999998488
0.0000000000 0.0005499999 0.9999998488
0.0000000000 0.0005499999 0.9999998488
0.0000000000 0.0005499999 0.9999998488
0.0000000000 0.0005499999 0.9999998488
0.0000000000 0.0005499999 0.9999998488
0.0000000000 0.0005499999 0.9999998488
0.0000000000 0.0005499999 0.9999998488
0.0000000000 0.0005499999 0.9999998488
0.0000000000 0.0005499999 0.9999998488
0.0000000000 0.0005499999 0.9999998488
0.0000000000 0.0005499999 0.9999998488
0.0000000000 0.0005499999 0.9999998488
0.0000000000 0.0005499999 0.9999998488
0.0000000000 0.0005499999 0.9999998488
0.0000000000 0.0005499999 0.9999998488
0.0000000000 0.0005499999 0.9999998488
0.0000000000 0.0005499999 0.9999998488
0.0000000000 0.0005499999 0.9999998488
0.0000000000 0.0005499999 0.9999998488
0.0000000000 0.0003300000 0.9999999456
0.0000000000 0.0003300000 0.9999999456
0.0000000000 0.0003300000 0.9999999456
0.0000000000 0.0003300000 0.9999999456
0.0000000000 0.0003300000 0.9999999456
0.0000000000 0.0003300000 0.9999999456
0.0000000000 0.0003300000 0.9999999456
0.0000000000 0.0003300000 0.9999999456
0.0000000000 0.0003300000 0.9999999456
0.0000000000 0.0003300000 0.9999999456
0.0000000000 0.0003300000 0.9999999456
0.0000000000 0.0003300000 0.9999999456
0.0000000000 0.0003300000 0.9999999456
0.0000000000 0.0003300000 0.9999999456
0.0000000000 0.0003300000 0.9999999456
0.0000000000 0.0003300000 0.9999999456
0.0000000000 0.0003300000 0.9999999456
0.0000000000 0.0003300000 0.9999999456
0.0000000000 0.0003300000 0.9999999456
0.0000000000 0.0003300000 0.9999999456
0.0000000000 0.0003300000 0.9999999456
0.0000000000 0.0003300000 0.9999999456
0.0000000000 0.0003300000 0.9999999456
0.0000000000 0.0003300000 0.9999999456
0.0000000000 0.0003300000 0.9999999456
0.0000000000 0.0003300000 0.9999999456
0.0000000000 0.0003300000 0.9999999456
0.0000000000 0.0003300000 0.9999999456
0.0000000000 0.0003300000 0.9999999456
0.0000000000 0.0003300000 0.9999999456
0.0000000000 0.0003300000 0.9999999456
0.0000000000 0.0003300000 0.9999999456
0.0000000000 0.0001100000 0.9999999940
0.0000000000 0.0001100000 0.9999999940
0.0000000000 0.0001100000 0.9999999940
0.0000000000 0.0001100000 0.9999999940
0.0000000000 0.0001100000 0.9999999940
0.0000000000 0.0001100000 0.9999999940
0.0000000000 0.0001100000 0.9999999940
0.0000000000 0.0001100000 0.9999999940
0.0000000000 0.0001100000 0.9999999940
0.0000000000 0.0001100000 0.9999999940
0.0000000000 0.0001100000 0.9999999940
0.0000000000 0.0001100000 0.9999999940
0.0000000000 0.0001100000 0.9999999940
0.0000000000 0.0001100000 0.9999999940
0.0000000000 0.0001100000 0.9999999940
0.0000000000 0.0001100000 0.9999999940
0.0000000000 0.0001100000 0.9999999940
0.0000000000 0.0001100000 0.9999999940
0.0000000000 0.0001100000 0.9999999940
0.0000000000 0.0001100000 0.9999999940
0.0000000000 0.0001100000 0.9999999940
0.0000000000 0.0001100000 0.9999999940
0.0000000000 0.0001100000 0.9999999940
0.0000000000 0.0001100000 0.9999999940
0.0000000000 0.0001100000 0.9999999940
0.0000000000 0.0001100000 0.9999999940
0.0000000000 0.0001100000 0.9999999940
0.0000000000 0.0001100000 0.9999999940
0.0000000000 0.0001100000 0.9999999940
0.0000000000 0.0001100000 0.9999999940
0.0000000000 0.0001100000 0.9999999940
0.0000000000 0.0001100000 0.9999999940
0.0000000000 -0.0001100000 0.9999999940
0.0000000000 -0.0001100000 0.9999999940
0.0000000000 -0.0001100000 0.9999999940
0.0000000000 -0.0001100000 0.9999999940
0.0000000000 -0.0001100000 0.9999999940
0.0000000000 -0.0001100000 0.9999999940
0.0000000000 -0.0001100000 0.9999999940
0.0000000000 -0.0001100000 0.9999999940
0.0000000000 -0.0001100000 0.9999999940
0.0000000000 -0.0001100000 0.9999999940
0.0000000000 -0.0001100000 0.9999999940
0.0000000000 -0.0001100000 0.9999999940
0.0000000000 -0.0001100000 0.9999999940
0.0000000000 -0.0001100000 0.9999999940
0.0000000000 -0.0001100000 0.9999999940
0.0000000000 -0.0001100000 0.9999999940
0.0000000000 -0.0001100000 0.9999999940
0.0000000000 -0.0001100000 0.9999999940
0.0000000000 -0.0001100000 0.9999999940
0.0000000000 -0.0001100000 0.9999999940
0.0000000000 -0.0001100000 0.9999999940
0.0000000000 -0.0001100000 0.9999999940
0.0000000000 -0.0001100000 0.9999999940
0.0000000000 -0.0001100000 0.9999999940
0.0000000000 -0.0001100000 0.9999999940
0.0000000000 -0.0001100000 0.9999999940
0.0000000000 -0.0001100000 0.9999999940
0.0000000000 -0.0001100000 0.9999999940
0.0000000000 -0.0001100000 0.9999999940
0.0000000000 -0.0001100000 0.9999999940
0.0000000000 -0.0001100000 0.9999999940
0.0000000000 -0.0001100000 0.9999999940
0.0000000000 -0.0003300000 0.9999999456
0.0000000000 -0.0003300000 0.9999999456
0.0000000000 -0.0003300000 0.9999999456
0.0000000000 -0.0003300000 0.9999999456
0.0000000000 -0.0003300000 0.9999999456
0.0000000000 -0.0003300000 0.9999999456
0.0000000000 -0.0003300000 0.9999999456
0.0000000000 -0.0003300000 0.9999999456
0.0000000000 -0.0003300000 0.9999999456
0.0000000000 -0.0003300000 0.9999999456
0.0000000000 -0.0003300000 0.9999999456
0.0000000000 -0.0003300000 0.9999999456
0.0000000000 -0.0003300000 0.9999999456
0.0000000000 -0.0003300000 0.9999999456
0.0000000000 -0.0003300000 0.9999999456
0.0000000000 -0.0003300000 0.9999999456
0.0000000000 -0.0003300000 0.9999999456
0.0000000000 -0.0003300000 0.9999999456
0.0000000000 -0.0003300000 0.9999999456
0.0000000000 -0.0003300000 0.9999999456
0.0000000000 -0.0003300000 0.9999999456
0.0000000000 -0.0003300000 0.9999999456
0.0000000000 -0.0003300000 0.9999999456
0.0000000000 -0.0003300000 0.9999999456
0.0000000000 -0.0003300000 0.9999999456
0.0000000000 -0.0003300000 0.9999999456
0.0000000000 -0.0003300000 0.9999999456
0.0000000000 -0.0003300000 0.9999999456
0.0000000000 -0.0003300000 0.9999999456
0.0000000000 -0.0003300000 0.9999999456
0.0000000000 -0.0003300000 0.9999999456
0.0000000000 -0.0003300000 0.9999999456
0.0000000000 -0.0005499999 0.9999998488
0.0000000000 -0.0005499999 0.9999998488
0.0000000000 -0.0005499999 0.9999998488
0.0000000000 -0.0005499999 0.9999998488
0.0000000000 -0.0005499999 0.9999998488
0.0000000000 -0.0005499999 0.9999998488
0.0000000000 -0.0005499999 0.9999998488
0.0000000000 -0.0005499999 0.9999998488
0.0000000000 -0.0005499999 0.9999998488
0.0000000000 -0.0005499999 0.9999998488
0.0000000000 -0.0005499999 0.9999998488
0.0000000000 -0.0005499999 0.9999998488
0.0000000000 -0.0005499999 0.9999998488
0.0000000000 -0.0005499999 0.9999998488
0.0000000000 -0.0005499999 0.9999998488
0.0000000000 -0.0005499999 0.9999998488
0.0000000000 -0.0005499999 0.9999998488
0.0000000000 -0.0005499999 0.9999998488
0.0000000000 -0.0005499999 0.9999998488
0.0000000000 -0.0005499999 0.9999998488
0.0000000000 -0.0005499999 0.9999998488
0.0000000000 -0.0005499999 0.9999998488
0.0000000000 -0.0005499999 0.9999998488
0.0000000000 -0.0005499999 0.9999998488
0.0000000000 -0.0005499999 0.9999998488
0.0000000000 -0.0005499999 0.9999998488
0.0000000000 -0.0005499999 0.9999998488
0.0000000000 -0.0005499999 0.9999998488
0.0000000000 -0.0005499999 0.9999998488
0.0000000000 -0.0005499999 0.9999998488
0.0000000000 -0.0005499999 0.9999998488
0.0000000000 -0.0005499999 0.9999998488
0.0000000000 -0.0007699998 0.9999997036
0.0000000000 -0.0007699998 0.9999997036
0.0000000000 -0.0007699998 0.9999997036
0.0000000000 -0.0007699998 0.9999997036
0.0000000000 -0.0007699998 0.9999997036
0.0000000000 -0.0007699998 0.9999997036
0.0000000000 -0.0007699998 0.9999997036
0.0000000000 -0.0007699998 0.9999997036
0.0000000000 -0.0007699998 0.9999997036
0.0000000000 -0.0007699998 0.9999997036
0.0000000000 -0.0007699998 0.9999997036
0.0000000000 -0.0007699998 0.9999997036
0.0000000000 -0.0007699998 0.9999997036
0.0000000000 -0.0007699998 0.9999997036
0.0000000000 -0.0007699998 0.9999997036
0.0000000000 -0.0007699998 0.9999997036
0.0000000000 -0.0007699998 0.9999997036
0.0000000000 -0.0007699998 0.9999997036
0.0000000000 -0.0007699998 0.9999997036
0.0000000000 -0.0007699998 0.9999997036
0.0000000000 -0.0007699998 0.9999997036
0.0000000000 -0.0007699998 0.9999997036
0.0000000000 -0.0007699998 0.9999997036
0.0000000000 -0.0007699998 0.9999997036
0.0000000000 -0.0007699998 0.9999997036
0.0000000000 -0.0007699998 0.9999997036
0.0000000000 -0.0007699998 0.9999997036
0.0000000000 -0.0007699998 0.9999997036
0.0000000000 -0.0007699998 0.9999997036
0.0000000000 -0.0007699998 0.9999997036
0.0000000000 -0.0007699998 0.9999997036
0.0000000000 -0.0007699998 0.9999997036
0.0000000000 -0.0009899995 0.9999995100
0.0000000000 -0.0009899995 0.9999995100
0.0000000000 -0.0009899995 0.9999995100
0.0000000000 -0.0009899995 0.9999995100
0.0000000000 -0.0009899995 0.9999995100
0.0000000000 -0.0009899995 0.9999995100
0.0000000000 -0.0009899995 0.9999995100
0.0000000000 -0.0009899995 0.9999995100
0.0000000000 -0.0009899995 0.9999995100
0.0000000000 -0.0009899995 0.9999995100
0.0000000000 -0.0009899995 0.9999995100
0.0000000000 -0.0009899995 0.9999995100
0.0000000000 -0.0009899995 0.9999995100
0.0000000000 -0.0009899995 0.9999995100
0.0000000000 -0.0009899995 0.9999995100
0.0000000000 -0.0009899995 0.9999995100
0.0000000000 -0.0009899995 0.9999995100
0.0000000000 -0.0009899995 0.9999995100
0.0000000000 -0.0009899995 0.9999995100
0.0000000000 -0.0009899995 0.9999995100
0.0000000000 -0.0009899995 0.9999995100
0.0000000000 -0.0009899995 0.9999995100
0.0000000000 -0.0009899995 0.9999995100
0.0000000000 -0.0009899995 0.9999995100
0.0000000000 -0.0009899995 0.9999995100
0.0000000000 -0.0009899995 0.9999995100
0.0000000000 -0.0009899995 0.9999995100
0.0000000000 -0.0009899995 0.9999995100
0.0000000000 -0.0009899995 0.9999995100
0.0000000000 -0.0009899995 0.9999995100
0.0000000000 -0.0009899995 0.9999995100
0.0000000000 -0.0009899995 0.9999995100
0.0000000000 -0.0012099991 0.9999992680
0.0000000000 -0.0012099991 0.9999992680
0.0000000000 -0.0012099991 0.9999992680
0.0000000000 -0.0012099991 0.9999992680
0.0000000000 -0.0012099991 0.9999992680
0.0000000000 -0.0012099991 0.9999992680
0.0000000000 -0.0012099991 0.9999992680
0.0000000000 -0.0012099991 0.9999992680
0.0000000000 -0.0012099991 0.9999992680
0.0000000000 -0.0012099991 0.9999992680
0.0000000000 -0.0012099991 0.9999992680
0.0000000000 -0.0012099991 0.9999992680
0.0000000000 -0.0012099991 0.9999992680
0.0000000000 -0.0012099991 0.9999992680
0.0000000000 -0.0012099991 0.9999992680
0.0000000000 -0.0012099991 0.9999992680
0.0000000000 -0.0012099991 0.9999992680
0.0000000000 -0.0012099991 0.9999992680
0.0000000000 -0.0012099991 0.9999992680
0.0000000000 -0.0012099991 0.9999992680
0.0000000000 -0.0012099991 0.9999992680
0.0000000000 -0.0012099991 0.9999992680
0.0000000000 -0.0012099991 0.9999992680
0.0000000000 -0.0012099991 0.9999992680
0.0000000000 -0.0012099991 0.9999992680
0.0000000000 -0.0012099991 0.9999992680
0.0000000000 -0.0012099991 0.9999992680
0.0000000000 -0.0012099991 0.9999992680
0.0000000000 -0.0012099991 0.9999992680
0.0000000000 -0.0012099991 0.9999992680
0.0000000000 -0.0012099991 0.9999992680
0.0000000000 -0.0012099991 0.9999992680
0.0000000000 -0.0014299985 0.9999989776
0.0000000000 -0.0014299985 0.9999989776
0.0000000000 -0.0014299985 0.9999989776
0.0000000000 -0.0014299985 0.9999989776
0.0000000000 -0.0014299985 0.9999989776
0.0000000000 -0.0014299985 0.9999989776
0.0000000000 -0.0014299985 0.9999989776
0.0000000000 -0.0014299985 0.9999989776
0.0000000000 -0.0014299985 0.9999989776
0.0000000000 -0.0014299985 0.9999989776
0.0000000000 -0.0014299985 0.9999989776
0.0000000000 -0.0014299985 0.9999989776
0.0000000000 -0.0014299985 0.9999989776
0.0000000000 -0.0014299985 0.9999989776
0.0000000000 -0.0014299985 0.9999989776
0.0000000000 -0.0014299985 0.9999989776
0.0000000000 -0.0014299985 0.9999989776
0.0000000000 -0.0014299985 0.9999989776
0.0000000000 -0.0014299985 0.9999989776
0.0000000000 -0.0014299985 0.9999989776
0.0000000000 -0.0014299985 0.9999989776
0.0000000000 -0.0014299985 0.9999989776
0.0000000000 -0.0014299985 0.9999989776
0.0000000000 -0.0014299985 0.9999989776
0.0000000000 -0.0014299985 0.9999989776
0.0000000000 -0.0014299985 0.9999989776
0.0000000000 -0.0014299985 0.9999989776
0.0000000000 -0.0014299985 0.9999989776
0.0000000000 -0.0014299985 0.9999989776
0.0000000000 -0.0014299985 0.9999989776
0.0000000000 -0.0014299985 0.9999989776
0.0000000000 -0.0014299985 0.9999989776
0.0000000000 -0.0016499978 0.9999986388
0.0000000000 -0.0016499978 0.9999986388
0.0000000000 -0.0016499978 0.9999986388
0.0000000000 -0.0016499978 0.9999986388
0.0000000000 -0.0016499978 0.9999986388
0.0000000000 -0.0016499978 0.9999986388
0.0000000000 -0.0016499978 0.9999986388
0.0000000000 -0.0016499978 0.9999986388
0.0000000000 -0.0016499978 0.9999986388
0.0000000000 -0.0016499978 0.9999986388
0.0000000000 -0.0016499978 0.9999986388
0.0000000000 -0.0016499978 0.9999986388
0.0000000000 -0.0016499978 0.9999986388
0.0000000000 -0.0016499978 0.9999986388
0.0000000000 -0.0016499978 0.9999986388
0.0000000000 -0.0016499978 0.9999986388
0.0000000000 -0.0016499978 0.9999986388
0.0000000000 -0.0016499978 0.9999986388
0.0000000000 -0.0016499978 0.9999986388
0.0000000000 -0.0016499978 0.9999986388
0.0000000000 -0.0016499978 0.9999986388
0.0000000000 -0.0016499978 0.9999986388
0.0000000000 -0.0016499978 0.9999986388
0.0000000000 -0.0016499978 0.9999986388
0.0000000000 -0.0016499978 0.9999986388
0.0000000000 -0.0016499978 0.9999986388
0.0000000000 -0.0016499978 0.9999986388
0.0000000000 -0.0016499978 0.9999986388
0.0000000000 -0.0016499978 0.9999986388
0.0000000000 -0.0016499978 0.9999986388
0.0000000000 -0.0016499978 0.9999986388
0.0000000000 -0.0016499978 0.9999986388
0.0000000000 -0.0018699967 0.9999982516
0.0000000000 -0.0018699967 0.9999982516
0.0000000000 -0.0018699967 0.9999982516
0.0000000000 -0.0018699967 0.9999982516
0.0000000000 -0.0018699967 0.9999982516
0.0000000000 -0.0018699967 0.9999982516
0.0000000000 -0.0018699967 0.9999982516
0.0000000000 -0.0018699967 0.9999982516
0.0000000000 -0.0018699967 0.9999982516
0.0000000000 -0.0018699967 0.9999982516
0.0000000000 -0.0018699967 0.9999982516
0.0000000000 -0.0018699967 0.9999982516
0.0000000000 -0.0018699967 0.9999982516
0.0000000000 -0.0018699967 0.9999982516
0.0000000000 -0.0018699967 0.9999982516
0.0000000000 -0.0018699967 0.9999982516
0.0000000000 -0.0018699967 0.9999982516
0.0000000000 -0.0018699967 0.9999982516
0.0000000000 -0.0018699967 0.9999982516
0.0000000000 -0.0018699967 0.9999982516
0.0000000000 -0.0018699967 0.9999982516
0.0000000000 -0.0018699967 0.9999982516
0.0000000000 -0.0018699967 0.9999982516
0.0000000000 -0.0018699967 0.9999982516
0.0000000000 -0.0018699967 0.9999982516
0.0000000000 -0.0018699967 0.9999982516
0.0000000000 -0.0018699967 0.9999982516
0.0000000000 -0.0018699967 0.9999982516
0.0000000000 -0.0018699967 0.9999982516
0.0000000000 -0.0018699967 0.9999982516
0.0000000000 -0.0018699967 0.9999982516
0.0000000000 -0.0018699967 0.9999982516
0.0000000000 -0.0020899954 0.9999978160
0.0000000000 -0.0020899954 0.9999978160
0.0000000000 -0.0020899954 0.9999978160
0.0000000000 -0.0020899954 0.9999978160
0.0000000000 -0.0020899954 0.9999978160
0.0000000000 -0.0020899954 0.9999978160
0.0000000000 -0.0020899954 0.9999978160
0.0000000000 -0.0020899954 0.9999978160
0.0000000000 -0.0020899954 0.9999978160
0.0000000000 -0.0020899954 0.9999978160
0.0000000000 -0.0020899954 0.9999978160
0.0000000000 -0.0020899954 0.9999978160
0.0000000000 -0.0020899954 0.9999978160
0.0000000000 -0.0020899954 0.9999978160
0.0000000000 -0.0020899954 0.9999978160
0.0000000000 -0.0020899954 0.9999978160
0.0000000000 -0.0020899954 0.9999978160
0.0000000000 -0.0020899954 0.9999978160
0.0000000000 -0.0020899954 0.9999978160
0.0000000000 -0.0020899954 0.9999978160
0.0000000000 -0.0020899954 0.9999978160
0.0000000000 -0.0020899954 0.9999978160
0.0000000000 -0.0020899954 0.9999978160
0.0000000000 -0.0020899954 0.9999978160
0.0000000000 -0.0020899954 0.9999978160
0.0000000000 -0.0020899954 0.9999978160
0.0000000000 -0.0020899954 0.9999978160
0.0000000000 -0.0020899954 0.9999978160
0.0000000000 -0.0020899954 0.9999978160
0.0000000000 -0.0020899954 0.9999978160
0.0000000000 -0.0020899954 0.9999978160
0.0000000000 -0.0020899954 0.9999978160
0.0000000000 -0.0023099938 0.9999973320
0.0000000000 -0.0023099938 0.9999973320
0.0000000000 -0.0023099938 0.9999973320
0.0000000000 -0.0023099938 0.9999973320
0.0000000000 -0.0023099938 0.9999973320
0.0000000000 -0.0023099938 0.9999973320
0.0000000000 -0.0023099938 0.9999973320
0.0000000000 -0.0023099938 0.9999973320
0.0000000000 -0.0023099938 0.9999973320
0.0000000000 -0.0023099938 0.9999973320
0.0000000000 -0.0023099938 0.9999973320
0.0000000000 -0.0023099938 0.9999973320
0.0000000000 -0.0023099938 0.9999973320
0.0000000000 -0.0023099938 0.9999973320
0.0000000000 -0.0023099938 0.9999973320
0.0000000000 -0.0023099938 0.9999973320
0.0000000000 -0.0023099938 0.9999973320
0.0000000000 -0.0023099938 0.9999973320
0.0000000000 -0.0023099938 0.9999973320
0.0000000000 -0.0023099938 0.9999973320
0.0000000000 -0.0023099938 0.9999973320
0.0000000000 -0.0023099938 0.9999973320
0.0000000000 -0.0023099938 0.9999973320
0.0000000000 -0.0023099938 0.9999973320
0.0000000000 -0.0023099938 0.9999973320
0.0000000000 -0.0023099938 0.9999973320
0.0000000000 -0.0023099938 0.9999973320
0.0000000000 -0.0023099938 0.9999973320
0.0000000000 -0.0023099938 0.9999973320
0.0000000000 -0.0023099938 0.9999973320
0.0000000000 -0.0023099938 0.9999973320
0.0000000000 -0.0023099938 0.9999973320
0.0000000000 -0.0025299919 0.9999967996
0.0000000000 -0.0025299919 0.9999967996
0.0000000000 -0.0025299919 0.9999967996
0.0000000000 -0.0025299919 0.9999967996
0.0000000000 -0.0025299919 0.9999967996
0.0000000000 -0.0025299919 0.9999967996
0.0000000000 -0.0025299919 0.9999967996
0.0000000000 -0.0025299919 0.9999967996
0.0000000000 -0.0025299919 0.9999967996
0.0000000000 -0.0025299919 0.9999967996
0.0000000000 -0.0025299919 0.9999967996
0.0000000000 -0.0025299919 0.9999967996
0.0000000000 -0.0025299919 0.9999967996
0.0000000000 -0.0025299919 0.9999967996
0.0000000000 -0.0025299919 0.9999967996
0.0000000000 -0.0025299919 0.9999967996
0.0000000000 -0.0025299919 0.9999967996
0.0000000000 -0.0025299919 0.9999967996
0.0000000000 -0.0025299919 0.9999967996
0.0000000000 -0.0025299919 0.9999967996
0.0000000000 -0.0025299919 0.9999967996
0.0000000000 -0.0025299919 0.9999967996
0.0000000000 -0.0025299919 0.9999967996
0.0000000000 -0.0025299919 0.9999967996
0.0000000000 -0.0025299919 0.9999967996
0.0000000000 -0.0025299919 0.9999967996
0.0000000000 -0.0025299919 0.9999967996
0.0000000000 -0.0025299919 0.9999967996
0.0000000000 -0.0025299919 0.9999967996
0.0000000000 -0.0025299919 0.9999967996
0.0000000000 -0.0025299919 0.9999967996
0.0000000000 -0.0025299919 0.9999967996
