Grid
25 16
Point
v 0.7816974200 0.6118871100 0.0001046550
v 0.6771223200 0.6118871100 0.0001208911
v 0.5725472200 0.6118871100 0.0001363003
v 0.4679721200 0.6118871100 0.0001540718
v 0.3633970100 0.6118871100 0.0001730880
v 0.2588219100 0.6118871100 0.0001857300
v 0.1542468100 0.6118871100 0.0001932528
v 0.0496717070 0.6118871100 0.0001990542
v -0.0549033960 0.6118871100 0.0001986067
v -0.1594785000 0.6118871100 0.0001921166
v -0.2640536000 0.6118871100 0.0001845360
v -0.3686287000 0.6118871100 0.0001719119
v -0.4732038100 0.6118871100 0.0001530100
v -0.5777789100 0.6118871100 0.0001356072
v -0.6823540100 0.6118871100 0.0001203137
v -0.7869291100 0.6118871100 0.0001042710
v 0.7816974200 0.5628675300 0.0000626290
v 0.6771223200 0.5628675300 0.0000794653
v 0.5725472200 0.5628675300 0.0000931578
v 0.4679721200 0.5628675300 0.0001113757
v 0.3633970100 0.5628675300 0.0001321125
v 0.2588219100 0.5628675300 0.0001429675
v 0.1542468100 0.5628675300 0.0001494478
v 0.0496717070 0.5628675300 0.0001570117
v -0.0549033960 0.5628675300 0.0001561915
v -0.1594785000 0.5628675300 0.0001482332
v -0.2640536000 0.5628675300 0.0001426557
v -0.3686287000 0.5628675300 0.0001304048
v -0.4732038100 0.5628675300 0.0001097330
v -0.5777789100 0.5628675300 0.0000929942
v -0.6823540100 0.5628675300 0.0000789447
v -0.7869291100 0.5628675300 0.0000619400
v 0.7816974200 0.5138479500 0.0000206030
v 0.6771223200 0.5138479500 0.0000381503
v 0.5725472200 0.5138479500 0.0000502753
v 0.4679721200 0.5138479500 0.0000679292
v 0.3633970100 0.5138479500 0.0000906120
v 0.2588219100 0.5138479500 0.0001009617
v 0.1542468100 0.5138479500 0.0001056388
v 0.0496717070 0.5138479500 0.0001148446
v -0.0549033960 0.5138479500 0.0001139275
v -0.1594785000 0.5138479500 0.0001042682
v -0.2640536000 0.5138479500 0.0000999117
v -0.3686287000 0.5138479500 0.0000893103
v -0.4732038100 0.5138479500 0.0000668840
v -0.5777789100 0.5138479500 0.0000499788
v -0.6823540100 0.5138479500 0.0000375018
v -0.7869291100 0.5138479500 0.0000196090
v 0.7816974200 0.4648283700 -0.0000325930
v 0.6771223200 0.4648283700 -0.0000108579
v 0.5725472200 0.4648283700 -0.0000032603
v 0.4679721200 0.4648283700 0.0000147869
v 0.3633970100 0.4648283700 0.0000430985
v 0.2588219100 0.4648283700 0.0000480012
v 0.1542468100 0.4648283700 0.0000503283
v 0.0496717070 0.4648283700 0.0000645626
v -0.0549033960 0.4648283700 0.0000629140
v -0.1594785000 0.4648283700 0.0000490911
v -0.2640536000 0.4648283700 0.0000496563
v -0.3686287000 0.4648283700 0.0000396268
v -0.4732038100 0.4648283700 0.0000122875
v -0.5777789100 0.4648283700 -0.0000022812
v -0.6823540100 0.4648283700 -0.0000114472
v -0.7869291100 0.4648283700 -0.0000339075
v 0.7816974200 0.4158088000 -0.0000857890
v 0.6771223200 0.4158088000 -0.0000596014
v 0.5725472200 0.4158088000 -0.0000557813
v 0.4679721200 0.4158088000 -0.0000397706
v 0.3633970100 0.4158088000 -0.0000063666
v 0.2588219100 0.4158088000 -0.0000026663
v 0.1542468100 0.4158088000 -0.0000049288
v 0.0496717070 0.4158088000 0.0000138477
v -0.0549033960 0.4158088000 0.0000122955
v -0.1594785000 0.4158088000 -0.0000062464
v -0.2640536000 0.4158088000 -0.0000029857
v -0.3686287000 0.4158088000 -0.0000078452
v -0.4732038100 0.4158088000 -0.0000409874
v -0.5777789100 0.4158088000 -0.0000556364
v -0.6823540100 0.4158088000 -0.0000605377
v -0.7869291100 0.4158088000 -0.0000874240
v 0.7816974200 0.3667892200 -0.0001684825
v 0.6771223200 0.3667892200 -0.0001401627
v 0.5725472200 0.3667892200 -0.0001348457
v 0.4679721200 0.3667892200 -0.0001193743
v 0.3633970100 0.3667892200 -0.0000879526
v 0.2588219100 0.3667892200 -0.0000830823
v 0.1542468100 0.3667892200 -0.0000851093
v 0.0496717070 0.3667892200 -0.0000679218
v -0.0549033960 0.3667892200 -0.0000688542
v -0.1594785000 0.3667892200 -0.0000863346
v -0.2640536000 0.3667892200 -0.0000839497
v -0.3686287000 0.3667892200 -0.0000882739
v -0.4732038100 0.3667892200 -0.0001200754
v -0.5777789100 0.3667892200 -0.0001352499
v -0.6823540100 0.3667892200 -0.0001414737
v -0.7869291100 0.3667892200 -0.0001704370
v 0.7816974200 0.3177696400 -0.0002511760
v 0.6771223200 0.3177696400 -0.0002209372
v 0.5725472200 0.3177696400 -0.0002140602
v 0.4679721200 0.3177696400 -0.0001983888
v 0.3633970100 0.3177696400 -0.0001689109
v 0.2588219100 0.3177696400 -0.0001638593
v 0.1542468100 0.3177696400 -0.0001652272
v 0.0496717070 0.3177696400 -0.0001495601
v -0.0549033960 0.3177696400 -0.0001501222
v -0.1594785000 0.3177696400 -0.0001664256
v -0.2640536000 0.3177696400 -0.0001644717
v -0.3686287000 0.3177696400 -0.0001697624
v -0.4732038100 0.3177696400 -0.0001995046
v -0.5777789100 0.3177696400 -0.0002146194
v -0.6823540100 0.3177696400 -0.0002222611
v -0.7869291100 0.3177696400 -0.0002534500
v 0.7816974200 0.2687500600 -0.0003521720
v 0.6771223200 0.2687500600 -0.0003206389
v 0.5725472200 0.2687500600 -0.0003078549
v 0.4679721200 0.2687500600 -0.0002925589
v 0.3633970100 0.2687500600 -0.0002684359
v 0.2588219100 0.2687500600 -0.0002594838
v 0.1542468100 0.2687500600 -0.0002590397
v 0.0496717070 0.2687500600 -0.0002477406
v -0.0549033960 0.2687500600 -0.0002478562
v -0.1594785000 0.2687500600 -0.0002599557
v -0.2640536000 0.2687500600 -0.0002619907
v -0.3686287000 0.2687500600 -0.0002674249
v -0.4732038100 0.2687500600 -0.0002921861
v -0.5777789100 0.2687500600 -0.0003097044
v -0.6823540100 0.2687500600 -0.0003228221
v -0.7869291100 0.2687500600 -0.0003546050
v 0.7816974200 0.2197304800 -0.0004531680
v 0.6771223200 0.2197304800 -0.0004209299
v 0.5725472200 0.2197304800 -0.0004027909
v 0.4679721200 0.2197304800 -0.0003853934
v 0.3633970100 0.2197304800 -0.0003660392
v 0.2588219100 0.2197304800 -0.0003570063
v 0.1542468100 0.2197304800 -0.0003528960
v 0.0496717070 0.2197304800 -0.0003455657
v -0.0549033960 0.2197304800 -0.0003459667
v -0.1594785000 0.2197304800 -0.0003534182
v -0.2640536000 0.2197304800 -0.0003576867
v -0.3686287000 0.2197304800 -0.0003669429
v -0.4732038100 0.2197304800 -0.0003862556
v -0.5777789100 0.2197304800 -0.0004036859
v -0.6823540100 0.2197304800 -0.0004228574
v -0.7869291100 0.2197304800 -0.0004557600
v 0.7816974200 0.1707109000 -0.0005362490
v 0.6771223200 0.1707109000 -0.0005008692
v 0.5725472200 0.1707109000 -0.0004794194
v 0.4679721200 0.1707109000 -0.0004620363
v 0.3633970100 0.1707109000 -0.0004443017
v 0.2588219100 0.1707109000 -0.0004341798
v 0.1542468100 0.1707109000 -0.0004293225
v 0.0496717070 0.1707109000 -0.0004236077
v -0.0549033960 0.1707109000 -0.0004237412
v -0.1594785000 0.1707109000 -0.0004298852
v -0.2640536000 0.1707109000 -0.0004354917
v -0.3686287000 0.1707109000 -0.0004446514
v -0.4732038100 0.1707109000 -0.0004624196
v -0.5777789100 0.1707109000 -0.0004813434
v -0.6823540100 0.1707109000 -0.0005034199
v -0.7869291100 0.1707109000 -0.0005393915
v 0.7816974200 0.1216913200 -0.0006193300
v 0.6771223200 0.1216913200 -0.0005812147
v 0.5725472200 0.1216913200 -0.0005565754
v 0.4679721200 0.1216913200 -0.0005379888
v 0.3633970100 0.1216913200 -0.0005221059
v 0.2588219100 0.1216913200 -0.0005119207
v 0.1542468100 0.1216913200 -0.0005057336
v 0.0496717070 0.1216913200 -0.0005015263
v -0.0549033960 0.1216913200 -0.0005016262
v -0.1594785000 0.1216913200 -0.0005063262
v -0.2640536000 0.1216913200 -0.0005125667
v -0.3686287000 0.1216913200 -0.0005228774
v -0.4732038100 0.1216913200 -0.0005390316
v -0.5777789100 0.1216913200 -0.0005582609
v -0.6823540100 0.1216913200 -0.0005835695
v -0.7869291100 0.1216913200 -0.0006230230
v 0.7816974200 0.0726717410 -0.0006587335
v 0.6771223200 0.0726717410 -0.0006188203
v 0.5725472200 0.0726717410 -0.0005928954
v 0.4679721200 0.0726717410 -0.0005739720
v 0.3633970100 0.0726717410 -0.0005585884
v 0.2588219100 0.0726717410 -0.0005479517
v 0.1542468100 0.0726717410 -0.0005416196
v 0.0496717070 0.0726717410 -0.0005376673
v -0.0549033960 0.0726717410 -0.0005378028
v -0.1594785000 0.0726717410 -0.0005421884
v -0.2640536000 0.0726717410 -0.0005488032
v -0.3686287000 0.0726717410 -0.0005593554
v -0.4732038100 0.0726717410 -0.0005751926
v -0.5777789100 0.0726717410 -0.0005950244
v -0.6823540100 0.0726717410 -0.0006215640
v -0.7869291100 0.0726717410 -0.0006630300
v 0.7816974200 0.0236521620 -0.0006981370
v 0.6771223200 0.0236521620 -0.0006565553
v 0.5725472200 0.0236521620 -0.0006295274
v 0.4679721200 0.0236521620 -0.0006099580
v 0.3633970100 0.0236521620 -0.0005947163
v 0.2588219100 0.0236521620 -0.0005841780
v 0.1542468100 0.0236521620 -0.0005775442
v 0.0496717070 0.0236521620 -0.0005738093
v -0.0549033960 0.0236521620 -0.0005740093
v -0.1594785000 0.0236521620 -0.0005780484
v -0.2640536000 0.0236521620 -0.0005849747
v -0.3686287000 0.0236521620 -0.0005957774
v -0.4732038100 0.0236521620 -0.0006114116
v -0.5777789100 0.0236521620 -0.0006316125
v -0.6823540100 0.0236521620 -0.0006594041
v -0.7869291100 0.0236521620 -0.0007030370
v 0.7816974200 -0.0253674180 -0.0006834160
v 0.6771223200 -0.0253674180 -0.0006423855
v 0.5725472200 -0.0253674180 -0.0006157730
v 0.4679721200 -0.0253674180 -0.0005961028
v 0.3633970100 -0.0253674180 -0.0005803623
v 0.2588219100 -0.0253674180 -0.0005698760
v 0.1542468100 -0.0253674180 -0.0005632797
v 0.0496717070 -0.0253674180 -0.0005593483
v -0.0549033960 -0.0253674180 -0.0005595197
v -0.1594785000 -0.0253674180 -0.0005637694
v -0.2640536000 -0.0253674180 -0.0005708038
v -0.3686287000 -0.0253674180 -0.0005817122
v -0.4732038100 -0.0253674180 -0.0005977186
v -0.5777789100 -0.0253674180 -0.0006178835
v -0.6823540100 -0.0253674180 -0.0006453766
v -0.7869291100 -0.0253674180 -0.0006883355
v 0.7816974200 -0.0743869970 -0.0006686950
v 0.6771223200 -0.0743869970 -0.0006281460
v 0.5725472200 -0.0743869970 -0.0006018690
v 0.4679721200 -0.0743869970 -0.0005822448
v 0.3633970100 -0.0743869970 -0.0005663625
v 0.2588219100 -0.0743869970 -0.0005555543
v 0.1542468100 -0.0743869970 -0.0005490258
v 0.0496717070 -0.0743869970 -0.0005448851
v -0.0549033960 -0.0743869970 -0.0005449987
v -0.1594785000 -0.0743869970 -0.0005494614
v -0.2640536000 -0.0743869970 -0.0005565733
v -0.3686287000 -0.0743869970 -0.0005677282
v -0.4732038100 -0.0743869970 -0.0005839280
v -0.5777789100 -0.0743869970 -0.0006041134
v -0.6823540100 -0.0743869970 -0.0006313953
v -0.7869291100 -0.0743869970 -0.0006736340
v 0.7816974200 -0.1234065800 -0.0006039145
v 0.6771223200 -0.1234065800 -0.0005661838
v 0.5725472200 -0.1234065800 -0.0005418967
v 0.4679721200 -0.1234065800 -0.0005222100
v 0.3633970100 -0.1234065800 -0.0005052105
v 0.2588219100 -0.1234065800 -0.0004949663
v 0.1542468100 -0.1234065800 -0.0004885938
v 0.0496717070 -0.1234065800 -0.0004835166
v -0.0549033960 -0.1234065800 -0.0004838923
v -0.1594785000 -0.1234065800 -0.0004892418
v -0.2640536000 -0.1234065800 -0.0004954422
v -0.3686287000 -0.1234065800 -0.0005069540
v -0.4732038100 -0.1234065800 -0.0005242630
v -0.5777789100 -0.1234065800 -0.0005435799
v -0.6823540100 -0.1234065800 -0.0005689068
v -0.7869291100 -0.1234065800 -0.0006085645
v 0.7816974200 -0.1724261600 -0.0005391340
v 0.6771223200 -0.1724261600 -0.0005039548
v 0.5725472200 -0.1724261600 -0.0004816217
v 0.4679721200 -0.1724261600 -0.0004626480
v 0.3633970100 -0.1724261600 -0.0004443231
v 0.2588219100 -0.1724261600 -0.0004341147
v 0.1542468100 -0.1724261600 -0.0004281914
v 0.0496717070 -0.1724261600 -0.0004222312
v -0.0549033960 -0.1724261600 -0.0004227403
v -0.1594785000 -0.1724261600 -0.0004290398
v -0.2640536000 -0.1724261600 -0.0004346057
v -0.3686287000 -0.1724261600 -0.0004457085
v -0.4732038100 -0.1724261600 -0.0004642660
v -0.5777789100 -0.1724261600 -0.0004834603
v -0.6823540100 -0.1724261600 -0.0005067281
v -0.7869291100 -0.1724261600 -0.0005434950
v 0.7816974200 -0.2214457300 -0.0004428170
v 0.6771223200 -0.2214457300 -0.0004108404
v 0.5725472200 -0.2214457300 -0.0003929813
v 0.4679721200 -0.2214457300 -0.0003736051
v 0.3633970100 -0.2214457300 -0.0003519166
v 0.2588219100 -0.2214457300 -0.0003442542
v 0.1542468100 -0.2214457300 -0.0003396514
v 0.0496717070 -0.2214457300 -0.0003304962
v -0.0549033960 -0.2214457300 -0.0003313928
v -0.1594785000 -0.2214457300 -0.0003403045
v -0.2640536000 -0.2214457300 -0.0003433795
v -0.3686287000 -0.2214457300 -0.0003546973
v -0.4732038100 -0.2214457300 -0.0003763750
v -0.5777789100 -0.2214457300 -0.0003936238
v -0.6823540100 -0.2214457300 -0.0004128026
v -0.7869291100 -0.2214457300 -0.0004469310
v 0.7816974200 -0.2704653100 -0.0003465000
v 0.6771223200 -0.2704653100 -0.0003172559
v 0.5725472200 -0.2704653100 -0.0003035713
v 0.4679721200 -0.2704653100 -0.0002857386
v 0.3633970100 -0.2704653100 -0.0002605834
v 0.2588219100 -0.2704653100 -0.0002530820
v 0.1542468100 -0.2704653100 -0.0002510822
v 0.0496717070 -0.2704653100 -0.0002389912
v -0.0549033960 -0.2704653100 -0.0002397903
v -0.1594785000 -0.2704653100 -0.0002516520
v -0.2640536000 -0.2704653100 -0.0002532950
v -0.3686287000 -0.2704653100 -0.0002623178
v -0.4732038100 -0.2704653100 -0.0002875436
v -0.5777789100 -0.2704653100 -0.0003047035
v -0.6823540100 -0.2704653100 -0.0003193035
v -0.7869291100 -0.2704653100 -0.0003503670
v 0.7816974200 -0.3194848900 -0.0002526980
v 0.6771223200 -0.3194848900 -0.0002228100
v 0.5725472200 -0.3194848900 -0.0002161152
v 0.4679721200 -0.3194848900 -0.0001980808
v 0.3633970100 -0.3194848900 -0.0001661204
v 0.2588219100 -0.3194848900 -0.0001644520
v 0.1542468100 -0.3194848900 -0.0001643912
v 0.0496717070 -0.3194848900 -0.0001471957
v -0.0549033960 -0.3194848900 -0.0001487396
v -0.1594785000 -0.3194848900 -0.0001648725
v -0.2640536000 -0.3194848900 -0.0001618550
v -0.3686287000 -0.3194848900 -0.0001707092
v -0.4732038100 -0.3194848900 -0.0002009921
v -0.5777789100 -0.3194848900 -0.0002153530
v -0.6823540100 -0.3194848900 -0.0002238945
v -0.7869291100 -0.3194848900 -0.0002559330
v 0.7816974200 -0.3685044700 -0.0001588960
v 0.6771223200 -0.3685044700 -0.0001276550
v 0.5725472200 -0.3685044700 -0.0001275607
v 0.4679721200 -0.3685044700 -0.0001116258
v 0.3633970100 -0.3685044700 -0.0000744896
v 0.2588219100 -0.3685044700 -0.0000736060
v 0.1542468100 -0.3685044700 -0.0000776774
v 0.0496717070 -0.3685044700 -0.0000558512
v -0.0549033960 -0.3685044700 -0.0000572646
v -0.1594785000 -0.3685044700 -0.0000781580
v -0.2640536000 -0.3685044700 -0.0000728590
v -0.3686287000 -0.3685044700 -0.0000761097
v -0.4732038100 -0.3685044700 -0.0001132890
v -0.5777789100 -0.3685044700 -0.0001272105
v -0.6823540100 -0.3685044700 -0.0001290257
v -0.7869291100 -0.3685044700 -0.0001614990
v 0.7816974200 -0.4175240500 -0.0000962255
v 0.6771223200 -0.4175240500 -0.0000710286
v 0.5725472200 -0.4175240500 -0.0000667808
v 0.4679721200 -0.4175240500 -0.0000518590
v 0.3633970100 -0.4175240500 -0.0000213046
v 0.2588219100 -0.4175240500 -0.0000146960
v 0.1542468100 -0.4175240500 -0.0000171329
v 0.0496717070 -0.4175240500 -0.0000002257
v -0.0549033960 -0.4175240500 -0.0000006861
v -0.1594785000 -0.4175240500 -0.0000174224
v -0.2640536000 -0.4175240500 -0.0000163617
v -0.3686287000 -0.4175240500 -0.0000193990
v -0.4732038100 -0.4175240500 -0.0000515785
v -0.5777789100 -0.4175240500 -0.0000669255
v -0.6823540100 -0.4175240500 -0.0000717622
v -0.7869291100 -0.4175240500 -0.0000978325
v 0.7816974200 -0.4665436300 -0.0000335550
v 0.6771223200 -0.4665436300 -0.0000146861
v 0.5725472200 -0.4665436300 -0.0000066308
v 0.4679721200 -0.4665436300 0.0000091910
v 0.3633970100 -0.4665436300 0.0000346216
v 0.2588219100 -0.4665436300 0.0000420390
v 0.1542468100 -0.4665436300 0.0000434152
v 0.0496717070 -0.4665436300 0.0000558350
v -0.0549033960 -0.4665436300 0.0000554719
v -0.1594785000 -0.4665436300 0.0000433946
v -0.2640536000 -0.4665436300 0.0000423873
v -0.3686287000 -0.4665436300 0.0000341925
v -0.4732038100 -0.4665436300 0.0000088976
v -0.5777789100 -0.4665436300 -0.0000059109
v -0.6823540100 -0.4665436300 -0.0000144097
v -0.7869291100 -0.4665436300 -0.0000341660
v 0.7816974200 -0.5155632100 0.0000081080
v 0.6771223200 -0.5155632100 0.0000248909
v 0.5725472200 -0.5155632100 0.0000351662
v 0.4679721200 -0.5155632100 0.0000499572
v 0.3633970100 -0.5155632100 0.0000717486
v 0.2588219100 -0.5155632100 0.0000818240
v 0.1542468100 -0.5155632100 0.0000846877
v 0.0496717070 -0.5155632100 0.0000940380
v -0.0549033960 -0.5155632100 0.0000940094
v -0.1594785000 -0.5155632100 0.0000848050
v -0.2640536000 -0.5155632100 0.0000810522
v -0.3686287000 -0.5155632100 0.0000729601
v -0.4732038100 -0.5155632100 0.0000514496
v -0.5777789100 -0.5155632100 0.0000356871
v -0.6823540100 -0.5155632100 0.0000256238
v -0.7869291100 -0.5155632100 0.0000082400
v 0.7816974200 -0.5645827900 0.0000497710
v 0.6771223200 -0.5645827900 0.0000643579
v 0.5725472200 -0.5645827900 0.0000764197
v 0.4679721200 -0.5645827900 0.0000919682
v 0.3633970100 -0.5645827900 0.0001099975
v 0.2588219100 -0.5645827900 0.0001203683
v 0.1542468100 -0.5645827900 0.0001259276
v 0.0496717070 -0.5645827900 0.0001324717
v -0.0549033960 -0.5645827900 0.0001323059
v -0.1594785000 -0.5645827900 0.0001262680
v -0.2640536000 -0.5645827900 0.0001208927
v -0.3686287000 -0.5645827900 0.0001104056
v -0.4732038100 -0.5645827900 0.0000928120
v -0.5777789100 -0.5645827900 0.0000778712
v -0.6823540100 -0.5645827900 0.0000657219
v -0.7869291100 -0.5645827900 0.0000506460
Normal
vn 0.0001767017 -0.0008929224 0.9999995857
vn 0.0001318025 -0.0009418852 0.9999995477
vn 0.0001599944 -0.0009420704 0.9999995435
vn 0.0002021440 -0.0008788867 0.9999995933
vn 0.0001405547 -0.0009171461 0.9999995695
vn 0.0000697090 -0.0009742114 0.9999995230
vn 0.0000732990 -0.0009362170 0.9999995591
vn 0.0000398432 -0.0009079432 0.9999995870
vn -0.0000485722 -0.0009516268 0.9999995460
vn -0.0000670364 -0.0009415637 0.9999995545
vn -0.0000673330 -0.0008877200 0.9999996037
vn -0.0001530192 -0.0009321207 0.9999995539
vn -0.0001934541 -0.0009591771 0.9999995213
vn -0.0001487728 -0.0009140657 0.9999995712
vn -0.0001383133 -0.0008971312 0.9999995880
vn -0.0001699090 -0.0009466092 0.9999995375
vn 0.0001835650 -0.0008109658 0.9999996543
vn 0.0001219945 -0.0008305819 0.9999996476
vn 0.0001492301 -0.0008521105 0.9999996258
vn 0.0002111901 -0.0008340184 0.9999996299
vn 0.0001511342 -0.0008128595 0.9999996582
vn 0.0000550077 -0.0008422622 0.9999996438
vn 0.0000714705 -0.0008459191 0.9999996397
vn 0.0000510023 -0.0008236009 0.9999996595
vn -0.0000584961 -0.0008434488 0.9999996426
vn -0.0000751490 -0.0008596740 0.9999996277
vn -0.0000511482 -0.0008273045 0.9999996565
vn -0.0001438172 -0.0008089004 0.9999996625
vn -0.0002098636 -0.0008417193 0.9999996237
vn -0.0001480319 -0.0008402375 0.9999996360
vn -0.0001246176 -0.0008128461 0.9999996619
vn -0.0001798023 -0.0008326326 0.9999996372
vn 0.0002471333 -0.0009826386 0.9999994867
vn 0.0000885494 -0.0010495287 0.9999994453
vn 0.0001333648 -0.0010812593 0.9999994065
vn 0.0002605342 -0.0009825712 0.9999994833
vn 0.0001378627 -0.0010091141 0.9999994813
vn 0.0000074856 -0.0011041582 0.9999993904
vn 0.0000953113 -0.0010564766 0.9999994374
vn 0.0000790159 -0.0010004495 0.9999994964
vn -0.0000922333 -0.0010679238 0.9999994255
vn -0.0000786965 -0.0010750188 0.9999994191
vn -0.0000084715 -0.0009896655 0.9999995102
vn -0.0001642475 -0.0010305263 0.9999994555
vn -0.0002393342 -0.0010894675 0.9999993779
vn -0.0001175936 -0.0010285912 0.9999994641
vn -0.0001045883 -0.0009885328 0.9999995059
vn -0.0002324362 -0.0010938005 0.9999993748
vn 0.0003244566 -0.0009420629 0.9999995036
vn 0.0000552958 -0.0010085701 0.9999994899
vn 0.0000970140 -0.0010812716 0.9999994107
vn 0.0003067531 -0.0009888338 0.9999994641
vn 0.0001537975 -0.0009569642 0.9999995303
vn -0.0000493521 -0.0010706395 0.9999994256
vn 0.0001072790 -0.0010467042 0.9999994465
vn 0.0001214720 -0.0009617921 0.9999995301
vn -0.0001310182 -0.0010393619 0.9999994513
vn -0.0001032597 -0.0010884882 0.9999994023
vn 0.0000501095 -0.0009713263 0.9999995270
vn -0.0001548219 -0.0009524750 0.9999995344
vn -0.0002998015 -0.0010734095 0.9999993790
vn -0.0000929647 -0.0010241516 0.9999994712
vn -0.0000653379 -0.0009456509 0.9999995507
vn -0.0003042198 -0.0010892178 0.9999993605
vn 0.0003509128 -0.0015624322 0.9999987178
vn 0.0000679795 -0.0015370649 0.9999988164
vn 0.0000922684 -0.0015465558 0.9999987998
vn 0.0002926783 -0.0015747048 0.9999987173
vn 0.0001598196 -0.0015626604 0.9999987663
vn -0.0000454262 -0.0015548086 0.9999987903
vn 0.0000967207 -0.0015759251 0.9999987536
vn 0.0001207902 -0.0015772884 0.9999987488
vn -0.0001237882 -0.0015628285 0.9999987711
vn -0.0001067619 -0.0015698329 0.9999987621
vn 0.0000514873 -0.0015670772 0.9999987708
vn -0.0001399628 -0.0015373593 0.9999988085
vn -0.0003014702 -0.0015406969 0.9999987677
vn -0.0000994273 -0.0015536223 0.9999987882
vn -0.0000719564 -0.0015668593 0.9999987699
vn -0.0003316454 -0.0016217107 0.9999986300
vn 0.0003702859 -0.0016519018 0.9999985671
vn 0.0000828782 -0.0016221046 0.9999986810
vn 0.0001002361 -0.0016061693 0.9999987051
vn 0.0002778579 -0.0016358099 0.9999986235
vn 0.0001500750 -0.0016552990 0.9999986187
vn -0.0000359606 -0.0016363679 0.9999986605
vn 0.0000902627 -0.0016492838 0.9999986359
vn 0.0001118208 -0.0016672225 0.9999986039
vn -0.0001130515 -0.0016457492 0.9999986394
vn -0.0000993430 -0.0016309115 0.9999986651
vn 0.0000415037 -0.0016508788 0.9999986364
vn -0.0001415091 -0.0016539715 0.9999986222
vn -0.0002817190 -0.0016144693 0.9999986571
vn -0.0001024003 -0.0016204154 0.9999986819
vn -0.0000868376 -0.0016501777 0.9999986347
vn -0.0003548148 -0.0016965164 0.9999984980
vn 0.0003639830 -0.0019992188 0.9999979353
vn 0.0001369705 -0.0018910345 0.9999982026
vn 0.0001173331 -0.0018568404 0.9999982692
vn 0.0002287895 -0.0019549766 0.9999980629
vn 0.0001556466 -0.0019438333 0.9999980986
vn 0.0000022578 -0.0018673967 0.9999982564
vn 0.0000676860 -0.0019125500 0.9999981688
vn 0.0000848735 -0.0019664443 0.9999980629
vn -0.0000807749 -0.0019018915 0.9999981881
vn -0.0000910209 -0.0018852475 0.9999982188
vn 0.0000047960 -0.0019586625 0.9999980818
vn -0.0001177378 -0.0019111201 0.9999981669
vn -0.0002487343 -0.0018451510 0.9999982668
vn -0.0001383948 -0.0019171399 0.9999981527
vn -0.0001317419 -0.0020069483 0.9999979774
vn -0.0003518329 -0.0020009849 0.9999979361
vn 0.0003504762 -0.0021003617 0.9999977328
vn 0.0001882206 -0.0019978620 0.9999979866
vn 0.0001557843 -0.0019209600 0.9999981428
vn 0.0001921155 -0.0019943076 0.9999979929
vn 0.0001304968 -0.0020446070 0.9999979013
vn 0.0000412686 -0.0019665858 0.9999980654
vn 0.0000604187 -0.0019811204 0.9999980358
vn 0.0000476773 -0.0020555125 0.9999978863
vn -0.0000484731 -0.0019909090 0.9999980170
vn -0.0000644328 -0.0019377330 0.9999981205
vn -0.0000410906 -0.0020295059 0.9999979397
vn -0.0001234614 -0.0020409533 0.9999979096
vn -0.0001931496 -0.0019297844 0.9999981193
vn -0.0001601263 -0.0019732472 0.9999980403
vn -0.0001936151 -0.0020969932 0.9999977826
vn -0.0003428139 -0.0020789553 0.9999977802
vn 0.0003731739 -0.0016644721 0.9999985451
vn 0.0002247884 -0.0015913370 0.9999987086
vn 0.0001674187 -0.0015680684 0.9999987566
vn 0.0001751734 -0.0016019528 0.9999987015
vn 0.0001288852 -0.0016051763 0.9999987034
vn 0.0000566484 -0.0015744168 0.9999987590
vn 0.0000529193 -0.0015894157 0.9999987355
vn 0.0000354854 -0.0016137994 0.9999986972
vn -0.0000350251 -0.0015869036 0.9999987403
vn -0.0000603634 -0.0015787648 0.9999987519
vn -0.0000561515 -0.0016088865 0.9999987042
vn -0.0001157270 -0.0015934173 0.9999987238
vn -0.0001804413 -0.0015680005 0.9999987544
vn -0.0001802272 -0.0016082020 0.9999986906
vn -0.0002245089 -0.0016699892 0.9999985804
vn -0.0003697015 -0.0017237637 0.9999984460
vn 0.0003973355 -0.0016849968 0.9999985015
vn 0.0002578250 -0.0016189240 0.9999986563
vn 0.0001870181 -0.0015797253 0.9999987347
vn 0.0001627102 -0.0016046515 0.9999986993
vn 0.0001194358 -0.0016235502 0.9999986749
vn 0.0000704613 -0.0015959244 0.9999987240
vn 0.0000496706 -0.0016024218 0.9999987149
vn 0.0000234107 -0.0016265712 0.9999986769
vn -0.0000242757 -0.0016050724 0.9999987116
vn -0.0000526757 -0.0015896970 0.9999987350
vn -0.0000688422 -0.0016150784 0.9999986934
vn -0.0001172162 -0.0016180569 0.9999986841
vn -0.0001652820 -0.0015877384 0.9999987259
vn -0.0001918071 -0.0016108981 0.9999986841
vn -0.0002591564 -0.0016801930 0.9999985549
vn -0.0004023816 -0.0017455530 0.9999983956
vn 0.0004153271 -0.0008051216 0.9999995896
vn 0.0002726213 -0.0007755295 0.9999996621
vn 0.0001941757 -0.0007612147 0.9999996914
vn 0.0001581717 -0.0007702922 0.9999996908
vn 0.0001197475 -0.0007696691 0.9999996966
vn 0.0000749911 -0.0007606097 0.9999997079
vn 0.0000482682 -0.0007634145 0.9999997074
vn 0.0000207293 -0.0007687773 0.9999997043
vn -0.0000218197 -0.0007638653 0.9999997080
vn -0.0000514390 -0.0007613916 0.9999997088
vn -0.0000739129 -0.0007715330 0.9999996996
vn -0.0001174220 -0.0007719443 0.9999996952
vn -0.0001627824 -0.0007669449 0.9999996926
vn -0.0001996277 -0.0007825858 0.9999996739
vn -0.0002731987 -0.0008106697 0.9999996341
vn -0.0004235744 -0.0008530542 0.9999995464
vn 0.0004334833 -0.0007901806 0.9999995939
vn 0.0002846934 -0.0007660365 0.9999996661
vn 0.0002021204 -0.0007501472 0.9999996982
vn 0.0001587395 -0.0007490116 0.9999997069
vn 0.0001176623 -0.0007531820 0.9999997094
vn 0.0000771965 -0.0007487711 0.9999997167
vn 0.0000486709 -0.0007479658 0.9999997191
vn 0.0000181734 -0.0007530776 0.9999997163
vn -0.0000197376 -0.0007489133 0.9999997194
vn -0.0000501774 -0.0007463903 0.9999997202
vn -0.0000780180 -0.0007546004 0.9999997122
vn -0.0001179201 -0.0007555965 0.9999997076
vn -0.0001613814 -0.0007527944 0.9999997036
vn -0.0002054339 -0.0007644067 0.9999996867
vn -0.0002872202 -0.0007924496 0.9999996448
vn -0.0004465083 -0.0008383175 0.9999995489
vn 0.0004286198 0.0002764068 0.9999998699
vn 0.0002801423 0.0002673046 0.9999999250
vn 0.0002015499 0.0002661636 0.9999999443
vn 0.0001633691 0.0002754227 0.9999999487
vn 0.0001191846 0.0002784674 0.9999999541
vn 0.0000759716 0.0002760175 0.9999999590
vn 0.0000498514 0.0002783785 0.9999999600
vn 0.0000196532 0.0002813382 0.9999999602
vn -0.0000207552 0.0002793029 0.9999999608
vn -0.0000520609 0.0002755360 0.9999999607
vn -0.0000786573 0.0002742575 0.9999999593
vn -0.0001199909 0.0002701159 0.9999999563
vn -0.0001643691 0.0002641406 0.9999999516
vn -0.0002042958 0.0002664168 0.9999999436
vn -0.0002840678 0.0002727217 0.9999999225
vn -0.0004396311 0.0002864765 0.9999998623
vn 0.0004237722 0.0002986275 0.9999998656
vn 0.0002761832 0.0002907092 0.9999999196
vn 0.0002003669 0.0002883432 0.9999999384
vn 0.0001641281 0.0002898612 0.9999999445
vn 0.0001222960 0.0002960839 0.9999999487
vn 0.0000765828 0.0002973063 0.9999999529
vn 0.0000503781 0.0002983596 0.9999999542
vn 0.0000217028 0.0003024588 0.9999999540
vn -0.0000218568 0.0003002557 0.9999999547
vn -0.0000536877 0.0002970021 0.9999999545
vn -0.0000797236 0.0002948694 0.9999999533
vn -0.0001226266 0.0002895979 0.9999999505
vn -0.0001658457 0.0002866446 0.9999999452
vn -0.0002039948 0.0002872466 0.9999999379
vn -0.0002812176 0.0002929470 0.9999999175
vn -0.0004315095 0.0003091903 0.9999998591
vn 0.0003962150 0.0012838912 0.9999990973
vn 0.0002533333 0.0012381920 0.9999992014
vn 0.0001947872 0.0012270329 0.9999992282
vn 0.0001750060 0.0012487889 0.9999992049
vn 0.0001230552 0.0012503075 0.9999992108
vn 0.0000704781 0.0012380984 0.9999992311
vn 0.0000564114 0.0012501650 0.9999992170
vn 0.0000270585 0.0012608764 0.9999992047
vn -0.0000305275 0.0012435350 0.9999992263
vn -0.0000549871 0.0012409361 0.9999992285
vn -0.0000720109 0.0012563614 0.9999992082
vn -0.0001311417 0.0012393311 0.9999992234
vn -0.0001729881 0.0012250460 0.9999992347
vn -0.0001918227 0.0012493900 0.9999992011
vn -0.0002607675 0.0012902896 0.9999991336
vn -0.0004051969 0.0013429139 0.9999990162
vn 0.0003708881 0.0012946950 0.9999990931
vn 0.0002318406 0.0012517098 0.9999991897
vn 0.0001826925 0.0012275204 0.9999992299
vn 0.0001849411 0.0012473907 0.9999992049
vn 0.0001291260 0.0012595323 0.9999991985
vn 0.0000636855 0.0012459470 0.9999992218
vn 0.0000604721 0.0012540685 0.9999992118
vn 0.0000337658 0.0012674832 0.9999991962
vn -0.0000387357 0.0012510667 0.9999992167
vn -0.0000589257 0.0012431895 0.9999992255
vn -0.0000627399 0.0012617315 0.9999992020
vn -0.0001338081 0.0012563985 0.9999992018
vn -0.0001847366 0.0012329016 0.9999992229
vn -0.0001849257 0.0012466955 0.9999992058
vn -0.0002376986 0.0012928334 0.9999991360
vn -0.0003772304 0.0013487663 0.9999990193
vn 0.0003499659 0.0019448905 0.9999980475
vn 0.0001839079 0.0018490259 0.9999982736
vn 0.0001694372 0.0018225156 0.9999983249
vn 0.0002187421 0.0018901176 0.9999981898
vn 0.0001269752 0.0018858162 0.9999982138
vn 0.0000344925 0.0018274305 0.9999983297
vn 0.0000768244 0.0018601352 0.9999982670
vn 0.0000557184 0.0019040402 0.9999981858
vn -0.0000623779 0.0018567560 0.9999982743
vn -0.0000653835 0.0018438403 0.9999982980
vn -0.0000378268 0.0018936662 0.9999982063
vn -0.0001506954 0.0018598916 0.9999982590
vn -0.0002075945 0.0018141756 0.9999983328
vn -0.0001563793 0.0018712678 0.9999982369
vn -0.0001972852 0.0019520937 0.9999980752
vn -0.0003554641 0.0019956251 0.9999979456
vn 0.0003331611 0.0019161937 0.9999981086
vn 0.0001425451 0.0018334684 0.9999983090
vn 0.0001415323 0.0017776588 0.9999984099
vn 0.0002447595 0.0018296935 0.9999982962
vn 0.0001439902 0.0018637235 0.9999982529
vn 0.0000067250 0.0018081888 0.9999983652
vn 0.0000829553 0.0018204504 0.9999983395
vn 0.0000806603 0.0018703340 0.9999982477
vn -0.0000834038 0.0018282823 0.9999983252
vn -0.0000810690 0.0017969115 0.9999983823
vn -0.0000099664 0.0018526320 0.9999982838
vn -0.0001482719 0.0018574790 0.9999982639
vn -0.0002419169 0.0017888344 0.9999983708
vn -0.0001409513 0.0018196904 0.9999983344
vn -0.0001499559 0.0019143487 0.9999981564
vn -0.0003357732 0.0019537304 0.9999980351
vn 0.0003791163 0.0019707945 0.9999979861
vn 0.0000738546 0.0018334142 0.9999983166
vn 0.0001114987 0.0017733472 0.9999984214
vn 0.0003143250 0.0019124776 0.9999981218
vn 0.0001324383 0.0018893740 0.9999982064
vn -0.0000510324 0.0017738597 0.9999984254
vn 0.0001141036 0.0018361563 0.9999983078
vn 0.0001156055 0.0019060465 0.9999981768
vn -0.0001245894 0.0018236756 0.9999983293
vn -0.0000898778 0.0018060582 0.9999983650
vn 0.0000397101 0.0019054110 0.9999981839
vn -0.0001724997 0.0018569554 0.9999982610
vn -0.0002832134 0.0017743626 0.9999983857
vn -0.0000953054 0.0018656542 0.9999982551
vn -0.0000930090 0.0019795476 0.9999980364
vn -0.0003681582 0.0019147778 0.9999980990
vn 0.0004088647 0.0018784347 0.9999981522
vn 0.0000252371 0.0017812002 0.9999984133
vn 0.0000730520 0.0017043069 0.9999985450
vn 0.0003392559 0.0017541683 0.9999984039
vn 0.0001587870 0.0018068654 0.9999983550
vn -0.0000846819 0.0017395667 0.9999984834
vn 0.0001162903 0.0017439400 0.9999984726
vn 0.0001484090 0.0018095467 0.9999983518
vn -0.0001489485 0.0017608286 0.9999984386
vn -0.0001174680 0.0017056482 0.9999985385
vn 0.0000838116 0.0017938509 0.9999983875
vn -0.0001502540 0.0018383421 0.9999982990
vn -0.0003434680 0.0017178334 0.9999984655
vn -0.0000740828 0.0017602786 0.9999984480
vn -0.0000366127 0.0018730708 0.9999982451
vn -0.0003829677 0.0018434519 0.9999982275
vn 0.0003003167 0.0011081925 0.9999993409
vn 0.0000631124 0.0011839429 0.9999992971
vn 0.0000943290 0.0012264969 0.9999992434
vn 0.0002693540 0.0010866926 0.9999993733
vn 0.0001659007 0.0011009196 0.9999993802
vn -0.0000276356 0.0012150122 0.9999992615
vn 0.0000858628 0.0011541570 0.9999993303
vn 0.0001128636 0.0010830660 0.9999994071
vn -0.0001057654 0.0011694325 0.9999993106
vn -0.0001040436 0.0011962816 0.9999992790
vn 0.0000350302 0.0010987187 0.9999993958
vn -0.0001294085 0.0011404100 0.9999993414
vn -0.0002927967 0.0012417528 0.9999991862
vn -0.0001024677 0.0011849831 0.9999992927
vn -0.0000647514 0.0011287058 0.9999993609
vn -0.0002890929 0.0013164558 0.9999990917
vn 0.0002130346 0.0011230831 0.9999993467
vn 0.0000869038 0.0011706660 0.9999993110
vn 0.0001175724 0.0012171527 0.9999992524
vn 0.0002329065 0.0011442579 0.9999993182
vn 0.0001452154 0.0011028874 0.9999993813
vn 0.0000101705 0.0011784994 0.9999993055
vn 0.0000777817 0.0011623372 0.9999993215
vn 0.0000794861 0.0010955823 0.9999993967
vn -0.0000759346 0.0011552437 0.9999993298
vn -0.0000777361 0.0012078585 0.9999992675
vn -0.0000099643 0.0011178696 0.9999993751
vn -0.0001420588 0.0010925690 0.9999993931
vn -0.0002294319 0.0012192985 0.9999992303
vn -0.0001158729 0.0011924883 0.9999992823
vn -0.0000903846 0.0011412220 0.9999993447
vn -0.0002101344 0.0012991387 0.9999991340
vn 0.0001806749 0.0007557352 0.9999996981
vn 0.0001060580 0.0007940435 0.9999996791
vn 0.0001196645 0.0007982275 0.9999996743
vn 0.0001951387 0.0007226917 0.9999997198
vn 0.0001502543 0.0007327695 0.9999997202
vn 0.0000402613 0.0007929511 0.9999996848
vn 0.0000620643 0.0007615162 0.9999997081
vn 0.0000590906 0.0007207253 0.9999997385
vn -0.0000518118 0.0007689709 0.9999997030
vn -0.0000729069 0.0007786295 0.9999996942
vn -0.0000358766 0.0007268049 0.9999997352
vn -0.0001197004 0.0007715219 0.9999996952
vn -0.0002039446 0.0008224966 0.9999996410
vn -0.0001326419 0.0007889587 0.9999996800
vn -0.0001002178 0.0007692925 0.9999996991
vn -0.0001839459 0.0008216696 0.9999996455
vn 0.0001386403 0.0008857248 0.9999995981
vn 0.0001153289 0.0009042666 0.9999995845
vn 0.0001457741 0.0009564858 0.9999995319
vn 0.0001725399 0.0009112883 0.9999995699
vn 0.0001175384 0.0008458565 0.9999996354
vn 0.0000675439 0.0009004216 0.9999995923
vn 0.0000651060 0.0009065050 0.9999995870
vn 0.0000309317 0.0008501872 0.9999996381
vn -0.0000314730 0.0008908648 0.9999996027
vn -0.0000470757 0.0009425271 0.9999995547
vn -0.0000695087 0.0008752629 0.9999996145
vn -0.0001399055 0.0008348527 0.9999996417
vn -0.0001531213 0.0009364991 0.9999995498
vn -0.0001290528 0.0009436773 0.9999995464
vn -0.0001245108 0.0008950912 0.9999995917
vn -0.0001375957 0.0009877916 0.9999995027
vn 0.0000114270 0.0016939216 0.9999985652
vn 0.0001032673 0.0016697986 0.9999986006
vn 0.0002503788 0.0018790079 0.9999982033
vn 0.0001951174 0.0019241634 0.9999981298
vn -0.0000365072 0.0016160735 0.9999986935
vn 0.0000916635 0.0016643127 0.9999986108
vn 0.0001249026 0.0017839057 0.9999984010
vn -0.0000284383 0.0016651661 0.9999986132
vn -0.0000169932 0.0016941256 0.9999985648
vn 0.0000542133 0.0018967027 0.9999981998
vn -0.0001412273 0.0017532659 0.9999984531
vn -0.0003062292 0.0014206191 0.9999989440
vn 0.0000019345 0.0017307298 0.9999985023
vn -0.0000719637 0.0018449074 0.9999982956
vn -0.0001975752 0.0016987788 0.9999985376
vn 0.0000162172 0.0020064032 0.9999979870
